Results: 	[[0.7704], [0.7755], [0.723]]	
Results: 	[[0.7704, 0.774], [0.7755, 0.785], [0.723, 0.7216]]	
Results: 	[[0.7704, 0.774, 0.7816], [0.7755, 0.785, 0.786], [0.723, 0.7216, 0.725]]	
Results: 	[[0.7704, 0.774, 0.7816, 0.779], [0.7755, 0.785, 0.786, 0.7799], [0.723, 0.7216, 0.725, 0.7253]]	
Results: 	[[0.7704, 0.774, 0.7816, 0.779, 0.7717], [0.7755, 0.785, 0.786, 0.7799, 0.7817], [0.723, 0.7216, 0.725, 0.7253, 0.7239]]	
Results: 	[[0.7704, 0.774, 0.7816, 0.779, 0.7717, 0.7701], [0.7755, 0.785, 0.786, 0.7799, 0.7817, 0.7846], [0.723, 0.7216, 0.725, 0.7253, 0.7239, 0.7158]]	
Results: 	[[0.7704, 0.774, 0.7816, 0.779, 0.7717, 0.7701, 0.7756], [0.7755, 0.785, 0.786, 0.7799, 0.7817, 0.7846, 0.7741], [0.723, 0.7216, 0.725, 0.7253, 0.7239, 0.7158, 0.7161]]	
Results: 	[[0.7704, 0.774, 0.7816, 0.779, 0.7717, 0.7701, 0.7756, 0.7805], [0.7755, 0.785, 0.786, 0.7799, 0.7817, 0.7846, 0.7741, 0.7795], [0.723, 0.7216, 0.725, 0.7253, 0.7239, 0.7158, 0.7161, 0.7292]]	
Results: 	[[0.7704, 0.774, 0.7816, 0.779, 0.7717, 0.7701, 0.7756, 0.7805, 0.7749], [0.7755, 0.785, 0.786, 0.7799, 0.7817, 0.7846, 0.7741, 0.7795, 0.7768], [0.723, 0.7216, 0.725, 0.7253, 0.7239, 0.7158, 0.7161, 0.7292, 0.7351]]	
Results: 	[[0.7704, 0.774, 0.7816, 0.779, 0.7717, 0.7701, 0.7756, 0.7805, 0.7749, 0.7738], [0.7755, 0.785, 0.786, 0.7799, 0.7817, 0.7846, 0.7741, 0.7795, 0.7768, 0.7794], [0.723, 0.7216, 0.725, 0.7253, 0.7239, 0.7158, 0.7161, 0.7292, 0.7351, 0.7295]]	
Results: 	[[0.7704, 0.774, 0.7816, 0.779, 0.7717, 0.7701, 0.7756, 0.7805, 0.7749, 0.7738, 0.7755], [0.7755, 0.785, 0.786, 0.7799, 0.7817, 0.7846, 0.7741, 0.7795, 0.7768, 0.7794, 0.7789], [0.723, 0.7216, 0.725, 0.7253, 0.7239, 0.7158, 0.7161, 0.7292, 0.7351, 0.7295, 0.7296]]	
Results: 	[[0.7704, 0.774, 0.7816, 0.779, 0.7717, 0.7701, 0.7756, 0.7805, 0.7749, 0.7738, 0.7755, 0.7781], [0.7755, 0.785, 0.786, 0.7799, 0.7817, 0.7846, 0.7741, 0.7795, 0.7768, 0.7794, 0.7789, 0.7798], [0.723, 0.7216, 0.725, 0.7253, 0.7239, 0.7158, 0.7161, 0.7292, 0.7351, 0.7295, 0.7296, 0.7302]]	
Results: 	[[0.7704, 0.774, 0.7816, 0.779, 0.7717, 0.7701, 0.7756, 0.7805, 0.7749, 0.7738, 0.7755, 0.7781, 0.7729], [0.7755, 0.785, 0.786, 0.7799, 0.7817, 0.7846, 0.7741, 0.7795, 0.7768, 0.7794, 0.7789, 0.7798, 0.7812], [0.723, 0.7216, 0.725, 0.7253, 0.7239, 0.7158, 0.7161, 0.7292, 0.7351, 0.7295, 0.7296, 0.7302, 0.7251]]	
Results: 	[[0.7704, 0.774, 0.7816, 0.779, 0.7717, 0.7701, 0.7756, 0.7805, 0.7749, 0.7738, 0.7755, 0.7781, 0.7729, 0.7748], [0.7755, 0.785, 0.786, 0.7799, 0.7817, 0.7846, 0.7741, 0.7795, 0.7768, 0.7794, 0.7789, 0.7798, 0.7812, 0.7753], [0.723, 0.7216, 0.725, 0.7253, 0.7239, 0.7158, 0.7161, 0.7292, 0.7351, 0.7295, 0.7296, 0.7302, 0.7251, 0.7292]]	
Results: 	[[0.7704, 0.774, 0.7816, 0.779, 0.7717, 0.7701, 0.7756, 0.7805, 0.7749, 0.7738, 0.7755, 0.7781, 0.7729, 0.7748, 0.7741], [0.7755, 0.785, 0.786, 0.7799, 0.7817, 0.7846, 0.7741, 0.7795, 0.7768, 0.7794, 0.7789, 0.7798, 0.7812, 0.7753, 0.7759], [0.723, 0.7216, 0.725, 0.7253, 0.7239, 0.7158, 0.7161, 0.7292, 0.7351, 0.7295, 0.7296, 0.7302, 0.7251, 0.7292, 0.7206]]	
Results: 	[[0.7704, 0.774, 0.7816, 0.779, 0.7717, 0.7701, 0.7756, 0.7805, 0.7749, 0.7738, 0.7755, 0.7781, 0.7729, 0.7748, 0.7741, 0.7772], [0.7755, 0.785, 0.786, 0.7799, 0.7817, 0.7846, 0.7741, 0.7795, 0.7768, 0.7794, 0.7789, 0.7798, 0.7812, 0.7753, 0.7759, 0.7834], [0.723, 0.7216, 0.725, 0.7253, 0.7239, 0.7158, 0.7161, 0.7292, 0.7351, 0.7295, 0.7296, 0.7302, 0.7251, 0.7292, 0.7206, 0.7272]]	
Results: 	[[0.7704, 0.774, 0.7816, 0.779, 0.7717, 0.7701, 0.7756, 0.7805, 0.7749, 0.7738, 0.7755, 0.7781, 0.7729, 0.7748, 0.7741, 0.7772, 0.7812], [0.7755, 0.785, 0.786, 0.7799, 0.7817, 0.7846, 0.7741, 0.7795, 0.7768, 0.7794, 0.7789, 0.7798, 0.7812, 0.7753, 0.7759, 0.7834, 0.7769], [0.723, 0.7216, 0.725, 0.7253, 0.7239, 0.7158, 0.7161, 0.7292, 0.7351, 0.7295, 0.7296, 0.7302, 0.7251, 0.7292, 0.7206, 0.7272, 0.7241]]	
Results: 	[[0.7704, 0.774, 0.7816, 0.779, 0.7717, 0.7701, 0.7756, 0.7805, 0.7749, 0.7738, 0.7755, 0.7781, 0.7729, 0.7748, 0.7741, 0.7772, 0.7812, 0.7691], [0.7755, 0.785, 0.786, 0.7799, 0.7817, 0.7846, 0.7741, 0.7795, 0.7768, 0.7794, 0.7789, 0.7798, 0.7812, 0.7753, 0.7759, 0.7834, 0.7769, 0.7838], [0.723, 0.7216, 0.725, 0.7253, 0.7239, 0.7158, 0.7161, 0.7292, 0.7351, 0.7295, 0.7296, 0.7302, 0.7251, 0.7292, 0.7206, 0.7272, 0.7241, 0.7243]]	
Results: 	[[0.7704, 0.774, 0.7816, 0.779, 0.7717, 0.7701, 0.7756, 0.7805, 0.7749, 0.7738, 0.7755, 0.7781, 0.7729, 0.7748, 0.7741, 0.7772, 0.7812, 0.7691, 0.7823], [0.7755, 0.785, 0.786, 0.7799, 0.7817, 0.7846, 0.7741, 0.7795, 0.7768, 0.7794, 0.7789, 0.7798, 0.7812, 0.7753, 0.7759, 0.7834, 0.7769, 0.7838, 0.7768], [0.723, 0.7216, 0.725, 0.7253, 0.7239, 0.7158, 0.7161, 0.7292, 0.7351, 0.7295, 0.7296, 0.7302, 0.7251, 0.7292, 0.7206, 0.7272, 0.7241, 0.7243, 0.7306]]	
Results: 	20 Support Sets: (Mean:0.775765, SD:0.00394518694107135) | 	20 Support Sets: (Mean:0.779885, SD:0.003615649464844672) | 	20 Support Sets: (Mean:0.725495, SD:0.004804983706637581) | 	
