Results: 	[[0.6971], [0.6982], [0.6987], [0.7071], [0.6764], [0.7151]]	
Results: 	[[0.6971, 0.695], [0.6982, 0.7106], [0.6987, 0.6973], [0.7071, 0.6942], [0.6764, 0.6913], [0.7151, 0.7098]]	
Results: 	[[0.6971, 0.695, 0.6993], [0.6982, 0.7106, 0.7103], [0.6987, 0.6973, 0.7079], [0.7071, 0.6942, 0.7141], [0.6764, 0.6913, 0.6841], [0.7151, 0.7098, 0.7215]]	
Results: 	[[0.6971, 0.695, 0.6993, 0.7051], [0.6982, 0.7106, 0.7103, 0.7118], [0.6987, 0.6973, 0.7079, 0.7052], [0.7071, 0.6942, 0.7141, 0.7059], [0.6764, 0.6913, 0.6841, 0.6737], [0.7151, 0.7098, 0.7215, 0.7202]]	
Results: 	[[0.6971, 0.695, 0.6993, 0.7051, 0.7056], [0.6982, 0.7106, 0.7103, 0.7118, 0.7118], [0.6987, 0.6973, 0.7079, 0.7052, 0.7106], [0.7071, 0.6942, 0.7141, 0.7059, 0.7122], [0.6764, 0.6913, 0.6841, 0.6737, 0.6787], [0.7151, 0.7098, 0.7215, 0.7202, 0.7205]]	
Results: 	[[0.6971, 0.695, 0.6993, 0.7051, 0.7056, 0.6929], [0.6982, 0.7106, 0.7103, 0.7118, 0.7118, 0.7176], [0.6987, 0.6973, 0.7079, 0.7052, 0.7106, 0.7014], [0.7071, 0.6942, 0.7141, 0.7059, 0.7122, 0.7093], [0.6764, 0.6913, 0.6841, 0.6737, 0.6787, 0.666], [0.7151, 0.7098, 0.7215, 0.7202, 0.7205, 0.7222]]	
Results: 	[[0.6971, 0.695, 0.6993, 0.7051, 0.7056, 0.6929, 0.6944], [0.6982, 0.7106, 0.7103, 0.7118, 0.7118, 0.7176, 0.7014], [0.6987, 0.6973, 0.7079, 0.7052, 0.7106, 0.7014, 0.7066], [0.7071, 0.6942, 0.7141, 0.7059, 0.7122, 0.7093, 0.7191], [0.6764, 0.6913, 0.6841, 0.6737, 0.6787, 0.666, 0.6707], [0.7151, 0.7098, 0.7215, 0.7202, 0.7205, 0.7222, 0.7198]]	
Results: 	[[0.6971, 0.695, 0.6993, 0.7051, 0.7056, 0.6929, 0.6944, 0.6997], [0.6982, 0.7106, 0.7103, 0.7118, 0.7118, 0.7176, 0.7014, 0.6968], [0.6987, 0.6973, 0.7079, 0.7052, 0.7106, 0.7014, 0.7066, 0.7039], [0.7071, 0.6942, 0.7141, 0.7059, 0.7122, 0.7093, 0.7191, 0.7041], [0.6764, 0.6913, 0.6841, 0.6737, 0.6787, 0.666, 0.6707, 0.6803], [0.7151, 0.7098, 0.7215, 0.7202, 0.7205, 0.7222, 0.7198, 0.7364]]	
Results: 	[[0.6971, 0.695, 0.6993, 0.7051, 0.7056, 0.6929, 0.6944, 0.6997, 0.7109], [0.6982, 0.7106, 0.7103, 0.7118, 0.7118, 0.7176, 0.7014, 0.6968, 0.7172], [0.6987, 0.6973, 0.7079, 0.7052, 0.7106, 0.7014, 0.7066, 0.7039, 0.7076], [0.7071, 0.6942, 0.7141, 0.7059, 0.7122, 0.7093, 0.7191, 0.7041, 0.7085], [0.6764, 0.6913, 0.6841, 0.6737, 0.6787, 0.666, 0.6707, 0.6803, 0.6803], [0.7151, 0.7098, 0.7215, 0.7202, 0.7205, 0.7222, 0.7198, 0.7364, 0.7172]]	
Results: 	[[0.6971, 0.695, 0.6993, 0.7051, 0.7056, 0.6929, 0.6944, 0.6997, 0.7109, 0.6876], [0.6982, 0.7106, 0.7103, 0.7118, 0.7118, 0.7176, 0.7014, 0.6968, 0.7172, 0.7196], [0.6987, 0.6973, 0.7079, 0.7052, 0.7106, 0.7014, 0.7066, 0.7039, 0.7076, 0.7053], [0.7071, 0.6942, 0.7141, 0.7059, 0.7122, 0.7093, 0.7191, 0.7041, 0.7085, 0.7116], [0.6764, 0.6913, 0.6841, 0.6737, 0.6787, 0.666, 0.6707, 0.6803, 0.6803, 0.6718], [0.7151, 0.7098, 0.7215, 0.7202, 0.7205, 0.7222, 0.7198, 0.7364, 0.7172, 0.7247]]	
Results: 	[[0.6971, 0.695, 0.6993, 0.7051, 0.7056, 0.6929, 0.6944, 0.6997, 0.7109, 0.6876, 0.7046], [0.6982, 0.7106, 0.7103, 0.7118, 0.7118, 0.7176, 0.7014, 0.6968, 0.7172, 0.7196, 0.7188], [0.6987, 0.6973, 0.7079, 0.7052, 0.7106, 0.7014, 0.7066, 0.7039, 0.7076, 0.7053, 0.7033], [0.7071, 0.6942, 0.7141, 0.7059, 0.7122, 0.7093, 0.7191, 0.7041, 0.7085, 0.7116, 0.7045], [0.6764, 0.6913, 0.6841, 0.6737, 0.6787, 0.666, 0.6707, 0.6803, 0.6803, 0.6718, 0.6871], [0.7151, 0.7098, 0.7215, 0.7202, 0.7205, 0.7222, 0.7198, 0.7364, 0.7172, 0.7247, 0.7323]]	
Results: 	[[0.6971, 0.695, 0.6993, 0.7051, 0.7056, 0.6929, 0.6944, 0.6997, 0.7109, 0.6876, 0.7046, 0.705], [0.6982, 0.7106, 0.7103, 0.7118, 0.7118, 0.7176, 0.7014, 0.6968, 0.7172, 0.7196, 0.7188, 0.7169], [0.6987, 0.6973, 0.7079, 0.7052, 0.7106, 0.7014, 0.7066, 0.7039, 0.7076, 0.7053, 0.7033, 0.7085], [0.7071, 0.6942, 0.7141, 0.7059, 0.7122, 0.7093, 0.7191, 0.7041, 0.7085, 0.7116, 0.7045, 0.7027], [0.6764, 0.6913, 0.6841, 0.6737, 0.6787, 0.666, 0.6707, 0.6803, 0.6803, 0.6718, 0.6871, 0.6811], [0.7151, 0.7098, 0.7215, 0.7202, 0.7205, 0.7222, 0.7198, 0.7364, 0.7172, 0.7247, 0.7323, 0.7258]]	
Results: 	[[0.6971, 0.695, 0.6993, 0.7051, 0.7056, 0.6929, 0.6944, 0.6997, 0.7109, 0.6876, 0.7046, 0.705, 0.7066], [0.6982, 0.7106, 0.7103, 0.7118, 0.7118, 0.7176, 0.7014, 0.6968, 0.7172, 0.7196, 0.7188, 0.7169, 0.7013], [0.6987, 0.6973, 0.7079, 0.7052, 0.7106, 0.7014, 0.7066, 0.7039, 0.7076, 0.7053, 0.7033, 0.7085, 0.7096], [0.7071, 0.6942, 0.7141, 0.7059, 0.7122, 0.7093, 0.7191, 0.7041, 0.7085, 0.7116, 0.7045, 0.7027, 0.6991], [0.6764, 0.6913, 0.6841, 0.6737, 0.6787, 0.666, 0.6707, 0.6803, 0.6803, 0.6718, 0.6871, 0.6811, 0.6695], [0.7151, 0.7098, 0.7215, 0.7202, 0.7205, 0.7222, 0.7198, 0.7364, 0.7172, 0.7247, 0.7323, 0.7258, 0.7184]]	
Results: 	[[0.6971, 0.695, 0.6993, 0.7051, 0.7056, 0.6929, 0.6944, 0.6997, 0.7109, 0.6876, 0.7046, 0.705, 0.7066, 0.6978], [0.6982, 0.7106, 0.7103, 0.7118, 0.7118, 0.7176, 0.7014, 0.6968, 0.7172, 0.7196, 0.7188, 0.7169, 0.7013, 0.696], [0.6987, 0.6973, 0.7079, 0.7052, 0.7106, 0.7014, 0.7066, 0.7039, 0.7076, 0.7053, 0.7033, 0.7085, 0.7096, 0.7071], [0.7071, 0.6942, 0.7141, 0.7059, 0.7122, 0.7093, 0.7191, 0.7041, 0.7085, 0.7116, 0.7045, 0.7027, 0.6991, 0.7095], [0.6764, 0.6913, 0.6841, 0.6737, 0.6787, 0.666, 0.6707, 0.6803, 0.6803, 0.6718, 0.6871, 0.6811, 0.6695, 0.6677], [0.7151, 0.7098, 0.7215, 0.7202, 0.7205, 0.7222, 0.7198, 0.7364, 0.7172, 0.7247, 0.7323, 0.7258, 0.7184, 0.7138]]	
Results: 	[[0.6971, 0.695, 0.6993, 0.7051, 0.7056, 0.6929, 0.6944, 0.6997, 0.7109, 0.6876, 0.7046, 0.705, 0.7066, 0.6978, 0.7015], [0.6982, 0.7106, 0.7103, 0.7118, 0.7118, 0.7176, 0.7014, 0.6968, 0.7172, 0.7196, 0.7188, 0.7169, 0.7013, 0.696, 0.6987], [0.6987, 0.6973, 0.7079, 0.7052, 0.7106, 0.7014, 0.7066, 0.7039, 0.7076, 0.7053, 0.7033, 0.7085, 0.7096, 0.7071, 0.6947], [0.7071, 0.6942, 0.7141, 0.7059, 0.7122, 0.7093, 0.7191, 0.7041, 0.7085, 0.7116, 0.7045, 0.7027, 0.6991, 0.7095, 0.7012], [0.6764, 0.6913, 0.6841, 0.6737, 0.6787, 0.666, 0.6707, 0.6803, 0.6803, 0.6718, 0.6871, 0.6811, 0.6695, 0.6677, 0.6745], [0.7151, 0.7098, 0.7215, 0.7202, 0.7205, 0.7222, 0.7198, 0.7364, 0.7172, 0.7247, 0.7323, 0.7258, 0.7184, 0.7138, 0.7108]]	
Results: 	[[0.6971, 0.695, 0.6993, 0.7051, 0.7056, 0.6929, 0.6944, 0.6997, 0.7109, 0.6876, 0.7046, 0.705, 0.7066, 0.6978, 0.7015, 0.7105], [0.6982, 0.7106, 0.7103, 0.7118, 0.7118, 0.7176, 0.7014, 0.6968, 0.7172, 0.7196, 0.7188, 0.7169, 0.7013, 0.696, 0.6987, 0.7106], [0.6987, 0.6973, 0.7079, 0.7052, 0.7106, 0.7014, 0.7066, 0.7039, 0.7076, 0.7053, 0.7033, 0.7085, 0.7096, 0.7071, 0.6947, 0.7064], [0.7071, 0.6942, 0.7141, 0.7059, 0.7122, 0.7093, 0.7191, 0.7041, 0.7085, 0.7116, 0.7045, 0.7027, 0.6991, 0.7095, 0.7012, 0.7104], [0.6764, 0.6913, 0.6841, 0.6737, 0.6787, 0.666, 0.6707, 0.6803, 0.6803, 0.6718, 0.6871, 0.6811, 0.6695, 0.6677, 0.6745, 0.6621], [0.7151, 0.7098, 0.7215, 0.7202, 0.7205, 0.7222, 0.7198, 0.7364, 0.7172, 0.7247, 0.7323, 0.7258, 0.7184, 0.7138, 0.7108, 0.7286]]	
Results: 	[[0.6971, 0.695, 0.6993, 0.7051, 0.7056, 0.6929, 0.6944, 0.6997, 0.7109, 0.6876, 0.7046, 0.705, 0.7066, 0.6978, 0.7015, 0.7105, 0.6925], [0.6982, 0.7106, 0.7103, 0.7118, 0.7118, 0.7176, 0.7014, 0.6968, 0.7172, 0.7196, 0.7188, 0.7169, 0.7013, 0.696, 0.6987, 0.7106, 0.7037], [0.6987, 0.6973, 0.7079, 0.7052, 0.7106, 0.7014, 0.7066, 0.7039, 0.7076, 0.7053, 0.7033, 0.7085, 0.7096, 0.7071, 0.6947, 0.7064, 0.7086], [0.7071, 0.6942, 0.7141, 0.7059, 0.7122, 0.7093, 0.7191, 0.7041, 0.7085, 0.7116, 0.7045, 0.7027, 0.6991, 0.7095, 0.7012, 0.7104, 0.7029], [0.6764, 0.6913, 0.6841, 0.6737, 0.6787, 0.666, 0.6707, 0.6803, 0.6803, 0.6718, 0.6871, 0.6811, 0.6695, 0.6677, 0.6745, 0.6621, 0.6852], [0.7151, 0.7098, 0.7215, 0.7202, 0.7205, 0.7222, 0.7198, 0.7364, 0.7172, 0.7247, 0.7323, 0.7258, 0.7184, 0.7138, 0.7108, 0.7286, 0.7145]]	
Results: 	[[0.6971, 0.695, 0.6993, 0.7051, 0.7056, 0.6929, 0.6944, 0.6997, 0.7109, 0.6876, 0.7046, 0.705, 0.7066, 0.6978, 0.7015, 0.7105, 0.6925, 0.701], [0.6982, 0.7106, 0.7103, 0.7118, 0.7118, 0.7176, 0.7014, 0.6968, 0.7172, 0.7196, 0.7188, 0.7169, 0.7013, 0.696, 0.6987, 0.7106, 0.7037, 0.7223], [0.6987, 0.6973, 0.7079, 0.7052, 0.7106, 0.7014, 0.7066, 0.7039, 0.7076, 0.7053, 0.7033, 0.7085, 0.7096, 0.7071, 0.6947, 0.7064, 0.7086, 0.7091], [0.7071, 0.6942, 0.7141, 0.7059, 0.7122, 0.7093, 0.7191, 0.7041, 0.7085, 0.7116, 0.7045, 0.7027, 0.6991, 0.7095, 0.7012, 0.7104, 0.7029, 0.7059], [0.6764, 0.6913, 0.6841, 0.6737, 0.6787, 0.666, 0.6707, 0.6803, 0.6803, 0.6718, 0.6871, 0.6811, 0.6695, 0.6677, 0.6745, 0.6621, 0.6852, 0.6738], [0.7151, 0.7098, 0.7215, 0.7202, 0.7205, 0.7222, 0.7198, 0.7364, 0.7172, 0.7247, 0.7323, 0.7258, 0.7184, 0.7138, 0.7108, 0.7286, 0.7145, 0.7166]]	
Results: 	[[0.6971, 0.695, 0.6993, 0.7051, 0.7056, 0.6929, 0.6944, 0.6997, 0.7109, 0.6876, 0.7046, 0.705, 0.7066, 0.6978, 0.7015, 0.7105, 0.6925, 0.701, 0.7093], [0.6982, 0.7106, 0.7103, 0.7118, 0.7118, 0.7176, 0.7014, 0.6968, 0.7172, 0.7196, 0.7188, 0.7169, 0.7013, 0.696, 0.6987, 0.7106, 0.7037, 0.7223, 0.7145], [0.6987, 0.6973, 0.7079, 0.7052, 0.7106, 0.7014, 0.7066, 0.7039, 0.7076, 0.7053, 0.7033, 0.7085, 0.7096, 0.7071, 0.6947, 0.7064, 0.7086, 0.7091, 0.7071], [0.7071, 0.6942, 0.7141, 0.7059, 0.7122, 0.7093, 0.7191, 0.7041, 0.7085, 0.7116, 0.7045, 0.7027, 0.6991, 0.7095, 0.7012, 0.7104, 0.7029, 0.7059, 0.7021], [0.6764, 0.6913, 0.6841, 0.6737, 0.6787, 0.666, 0.6707, 0.6803, 0.6803, 0.6718, 0.6871, 0.6811, 0.6695, 0.6677, 0.6745, 0.6621, 0.6852, 0.6738, 0.6724], [0.7151, 0.7098, 0.7215, 0.7202, 0.7205, 0.7222, 0.7198, 0.7364, 0.7172, 0.7247, 0.7323, 0.7258, 0.7184, 0.7138, 0.7108, 0.7286, 0.7145, 0.7166, 0.7168]]	
Results: 	20 Support Sets: (Mean:0.70113, SD:0.0065268756126616945) | 	20 Support Sets: (Mean:0.709455, SD:0.008357818589736644) | 	20 Support Sets: (Mean:0.705545, SD:0.004521117118589159) | 	20 Support Sets: (Mean:0.70681, SD:0.005753616711526569) | 	20 Support Sets: (Mean:0.676135, SD:0.007444692563727617) | 	20 Support Sets: (Mean:0.72014, SD:0.006787713358088941) | 	
