Results: 	[[0.7057], [0.7112], [0.7086], [0.7142], [0.6735], [0.715]]	
Results: 	[[0.7057, 0.7062], [0.7112, 0.7162], [0.7086, 0.7019], [0.7142, 0.7104], [0.6735, 0.6961], [0.715, 0.7258]]	
Results: 	[[0.7057, 0.7062, 0.6962], [0.7112, 0.7162, 0.715], [0.7086, 0.7019, 0.7057], [0.7142, 0.7104, 0.7085], [0.6735, 0.6961, 0.67], [0.715, 0.7258, 0.7242]]	
Results: 	[[0.7057, 0.7062, 0.6962, 0.708], [0.7112, 0.7162, 0.715, 0.7158], [0.7086, 0.7019, 0.7057, 0.7141], [0.7142, 0.7104, 0.7085, 0.7128], [0.6735, 0.6961, 0.67, 0.6716], [0.715, 0.7258, 0.7242, 0.7229]]	
Results: 	[[0.7057, 0.7062, 0.6962, 0.708, 0.6988], [0.7112, 0.7162, 0.715, 0.7158, 0.7075], [0.7086, 0.7019, 0.7057, 0.7141, 0.7135], [0.7142, 0.7104, 0.7085, 0.7128, 0.7049], [0.6735, 0.6961, 0.67, 0.6716, 0.6754], [0.715, 0.7258, 0.7242, 0.7229, 0.7225]]	
Results: 	[[0.7057, 0.7062, 0.6962, 0.708, 0.6988, 0.7011], [0.7112, 0.7162, 0.715, 0.7158, 0.7075, 0.7136], [0.7086, 0.7019, 0.7057, 0.7141, 0.7135, 0.7029], [0.7142, 0.7104, 0.7085, 0.7128, 0.7049, 0.7164], [0.6735, 0.6961, 0.67, 0.6716, 0.6754, 0.6731], [0.715, 0.7258, 0.7242, 0.7229, 0.7225, 0.7153]]	
Results: 	[[0.7057, 0.7062, 0.6962, 0.708, 0.6988, 0.7011, 0.7016], [0.7112, 0.7162, 0.715, 0.7158, 0.7075, 0.7136, 0.7198], [0.7086, 0.7019, 0.7057, 0.7141, 0.7135, 0.7029, 0.7134], [0.7142, 0.7104, 0.7085, 0.7128, 0.7049, 0.7164, 0.7234], [0.6735, 0.6961, 0.67, 0.6716, 0.6754, 0.6731, 0.6841], [0.715, 0.7258, 0.7242, 0.7229, 0.7225, 0.7153, 0.7187]]	
Results: 	[[0.7057, 0.7062, 0.6962, 0.708, 0.6988, 0.7011, 0.7016, 0.7092], [0.7112, 0.7162, 0.715, 0.7158, 0.7075, 0.7136, 0.7198, 0.7038], [0.7086, 0.7019, 0.7057, 0.7141, 0.7135, 0.7029, 0.7134, 0.7072], [0.7142, 0.7104, 0.7085, 0.7128, 0.7049, 0.7164, 0.7234, 0.7154], [0.6735, 0.6961, 0.67, 0.6716, 0.6754, 0.6731, 0.6841, 0.6748], [0.715, 0.7258, 0.7242, 0.7229, 0.7225, 0.7153, 0.7187, 0.7235]]	
Results: 	[[0.7057, 0.7062, 0.6962, 0.708, 0.6988, 0.7011, 0.7016, 0.7092, 0.7154], [0.7112, 0.7162, 0.715, 0.7158, 0.7075, 0.7136, 0.7198, 0.7038, 0.7036], [0.7086, 0.7019, 0.7057, 0.7141, 0.7135, 0.7029, 0.7134, 0.7072, 0.7109], [0.7142, 0.7104, 0.7085, 0.7128, 0.7049, 0.7164, 0.7234, 0.7154, 0.7058], [0.6735, 0.6961, 0.67, 0.6716, 0.6754, 0.6731, 0.6841, 0.6748, 0.6866], [0.715, 0.7258, 0.7242, 0.7229, 0.7225, 0.7153, 0.7187, 0.7235, 0.7156]]	
Results: 	[[0.7057, 0.7062, 0.6962, 0.708, 0.6988, 0.7011, 0.7016, 0.7092, 0.7154, 0.7117], [0.7112, 0.7162, 0.715, 0.7158, 0.7075, 0.7136, 0.7198, 0.7038, 0.7036, 0.7153], [0.7086, 0.7019, 0.7057, 0.7141, 0.7135, 0.7029, 0.7134, 0.7072, 0.7109, 0.7139], [0.7142, 0.7104, 0.7085, 0.7128, 0.7049, 0.7164, 0.7234, 0.7154, 0.7058, 0.7129], [0.6735, 0.6961, 0.67, 0.6716, 0.6754, 0.6731, 0.6841, 0.6748, 0.6866, 0.6759], [0.715, 0.7258, 0.7242, 0.7229, 0.7225, 0.7153, 0.7187, 0.7235, 0.7156, 0.715]]	
Results: 	[[0.7057, 0.7062, 0.6962, 0.708, 0.6988, 0.7011, 0.7016, 0.7092, 0.7154, 0.7117, 0.7085], [0.7112, 0.7162, 0.715, 0.7158, 0.7075, 0.7136, 0.7198, 0.7038, 0.7036, 0.7153, 0.7198], [0.7086, 0.7019, 0.7057, 0.7141, 0.7135, 0.7029, 0.7134, 0.7072, 0.7109, 0.7139, 0.711], [0.7142, 0.7104, 0.7085, 0.7128, 0.7049, 0.7164, 0.7234, 0.7154, 0.7058, 0.7129, 0.7097], [0.6735, 0.6961, 0.67, 0.6716, 0.6754, 0.6731, 0.6841, 0.6748, 0.6866, 0.6759, 0.6778], [0.715, 0.7258, 0.7242, 0.7229, 0.7225, 0.7153, 0.7187, 0.7235, 0.7156, 0.715, 0.7255]]	
Results: 	[[0.7057, 0.7062, 0.6962, 0.708, 0.6988, 0.7011, 0.7016, 0.7092, 0.7154, 0.7117, 0.7085, 0.7112], [0.7112, 0.7162, 0.715, 0.7158, 0.7075, 0.7136, 0.7198, 0.7038, 0.7036, 0.7153, 0.7198, 0.711], [0.7086, 0.7019, 0.7057, 0.7141, 0.7135, 0.7029, 0.7134, 0.7072, 0.7109, 0.7139, 0.711, 0.7106], [0.7142, 0.7104, 0.7085, 0.7128, 0.7049, 0.7164, 0.7234, 0.7154, 0.7058, 0.7129, 0.7097, 0.7162], [0.6735, 0.6961, 0.67, 0.6716, 0.6754, 0.6731, 0.6841, 0.6748, 0.6866, 0.6759, 0.6778, 0.6785], [0.715, 0.7258, 0.7242, 0.7229, 0.7225, 0.7153, 0.7187, 0.7235, 0.7156, 0.715, 0.7255, 0.7107]]	
Results: 	[[0.7057, 0.7062, 0.6962, 0.708, 0.6988, 0.7011, 0.7016, 0.7092, 0.7154, 0.7117, 0.7085, 0.7112, 0.7057], [0.7112, 0.7162, 0.715, 0.7158, 0.7075, 0.7136, 0.7198, 0.7038, 0.7036, 0.7153, 0.7198, 0.711, 0.7075], [0.7086, 0.7019, 0.7057, 0.7141, 0.7135, 0.7029, 0.7134, 0.7072, 0.7109, 0.7139, 0.711, 0.7106, 0.712], [0.7142, 0.7104, 0.7085, 0.7128, 0.7049, 0.7164, 0.7234, 0.7154, 0.7058, 0.7129, 0.7097, 0.7162, 0.7137], [0.6735, 0.6961, 0.67, 0.6716, 0.6754, 0.6731, 0.6841, 0.6748, 0.6866, 0.6759, 0.6778, 0.6785, 0.6714], [0.715, 0.7258, 0.7242, 0.7229, 0.7225, 0.7153, 0.7187, 0.7235, 0.7156, 0.715, 0.7255, 0.7107, 0.7245]]	
Results: 	[[0.7057, 0.7062, 0.6962, 0.708, 0.6988, 0.7011, 0.7016, 0.7092, 0.7154, 0.7117, 0.7085, 0.7112, 0.7057, 0.7053], [0.7112, 0.7162, 0.715, 0.7158, 0.7075, 0.7136, 0.7198, 0.7038, 0.7036, 0.7153, 0.7198, 0.711, 0.7075, 0.7122], [0.7086, 0.7019, 0.7057, 0.7141, 0.7135, 0.7029, 0.7134, 0.7072, 0.7109, 0.7139, 0.711, 0.7106, 0.712, 0.7154], [0.7142, 0.7104, 0.7085, 0.7128, 0.7049, 0.7164, 0.7234, 0.7154, 0.7058, 0.7129, 0.7097, 0.7162, 0.7137, 0.7228], [0.6735, 0.6961, 0.67, 0.6716, 0.6754, 0.6731, 0.6841, 0.6748, 0.6866, 0.6759, 0.6778, 0.6785, 0.6714, 0.675], [0.715, 0.7258, 0.7242, 0.7229, 0.7225, 0.7153, 0.7187, 0.7235, 0.7156, 0.715, 0.7255, 0.7107, 0.7245, 0.725]]	
Results: 	[[0.7057, 0.7062, 0.6962, 0.708, 0.6988, 0.7011, 0.7016, 0.7092, 0.7154, 0.7117, 0.7085, 0.7112, 0.7057, 0.7053, 0.707], [0.7112, 0.7162, 0.715, 0.7158, 0.7075, 0.7136, 0.7198, 0.7038, 0.7036, 0.7153, 0.7198, 0.711, 0.7075, 0.7122, 0.7079], [0.7086, 0.7019, 0.7057, 0.7141, 0.7135, 0.7029, 0.7134, 0.7072, 0.7109, 0.7139, 0.711, 0.7106, 0.712, 0.7154, 0.7098], [0.7142, 0.7104, 0.7085, 0.7128, 0.7049, 0.7164, 0.7234, 0.7154, 0.7058, 0.7129, 0.7097, 0.7162, 0.7137, 0.7228, 0.7213], [0.6735, 0.6961, 0.67, 0.6716, 0.6754, 0.6731, 0.6841, 0.6748, 0.6866, 0.6759, 0.6778, 0.6785, 0.6714, 0.675, 0.672], [0.715, 0.7258, 0.7242, 0.7229, 0.7225, 0.7153, 0.7187, 0.7235, 0.7156, 0.715, 0.7255, 0.7107, 0.7245, 0.725, 0.7296]]	
Results: 	[[0.7057, 0.7062, 0.6962, 0.708, 0.6988, 0.7011, 0.7016, 0.7092, 0.7154, 0.7117, 0.7085, 0.7112, 0.7057, 0.7053, 0.707, 0.7036], [0.7112, 0.7162, 0.715, 0.7158, 0.7075, 0.7136, 0.7198, 0.7038, 0.7036, 0.7153, 0.7198, 0.711, 0.7075, 0.7122, 0.7079, 0.7121], [0.7086, 0.7019, 0.7057, 0.7141, 0.7135, 0.7029, 0.7134, 0.7072, 0.7109, 0.7139, 0.711, 0.7106, 0.712, 0.7154, 0.7098, 0.7143], [0.7142, 0.7104, 0.7085, 0.7128, 0.7049, 0.7164, 0.7234, 0.7154, 0.7058, 0.7129, 0.7097, 0.7162, 0.7137, 0.7228, 0.7213, 0.7084], [0.6735, 0.6961, 0.67, 0.6716, 0.6754, 0.6731, 0.6841, 0.6748, 0.6866, 0.6759, 0.6778, 0.6785, 0.6714, 0.675, 0.672, 0.6759], [0.715, 0.7258, 0.7242, 0.7229, 0.7225, 0.7153, 0.7187, 0.7235, 0.7156, 0.715, 0.7255, 0.7107, 0.7245, 0.725, 0.7296, 0.7248]]	
Results: 	[[0.7057, 0.7062, 0.6962, 0.708, 0.6988, 0.7011, 0.7016, 0.7092, 0.7154, 0.7117, 0.7085, 0.7112, 0.7057, 0.7053, 0.707, 0.7036, 0.7048], [0.7112, 0.7162, 0.715, 0.7158, 0.7075, 0.7136, 0.7198, 0.7038, 0.7036, 0.7153, 0.7198, 0.711, 0.7075, 0.7122, 0.7079, 0.7121, 0.7198], [0.7086, 0.7019, 0.7057, 0.7141, 0.7135, 0.7029, 0.7134, 0.7072, 0.7109, 0.7139, 0.711, 0.7106, 0.712, 0.7154, 0.7098, 0.7143, 0.7153], [0.7142, 0.7104, 0.7085, 0.7128, 0.7049, 0.7164, 0.7234, 0.7154, 0.7058, 0.7129, 0.7097, 0.7162, 0.7137, 0.7228, 0.7213, 0.7084, 0.7188], [0.6735, 0.6961, 0.67, 0.6716, 0.6754, 0.6731, 0.6841, 0.6748, 0.6866, 0.6759, 0.6778, 0.6785, 0.6714, 0.675, 0.672, 0.6759, 0.6783], [0.715, 0.7258, 0.7242, 0.7229, 0.7225, 0.7153, 0.7187, 0.7235, 0.7156, 0.715, 0.7255, 0.7107, 0.7245, 0.725, 0.7296, 0.7248, 0.7216]]	
Results: 	[[0.7057, 0.7062, 0.6962, 0.708, 0.6988, 0.7011, 0.7016, 0.7092, 0.7154, 0.7117, 0.7085, 0.7112, 0.7057, 0.7053, 0.707, 0.7036, 0.7048, 0.7079], [0.7112, 0.7162, 0.715, 0.7158, 0.7075, 0.7136, 0.7198, 0.7038, 0.7036, 0.7153, 0.7198, 0.711, 0.7075, 0.7122, 0.7079, 0.7121, 0.7198, 0.7206], [0.7086, 0.7019, 0.7057, 0.7141, 0.7135, 0.7029, 0.7134, 0.7072, 0.7109, 0.7139, 0.711, 0.7106, 0.712, 0.7154, 0.7098, 0.7143, 0.7153, 0.7165], [0.7142, 0.7104, 0.7085, 0.7128, 0.7049, 0.7164, 0.7234, 0.7154, 0.7058, 0.7129, 0.7097, 0.7162, 0.7137, 0.7228, 0.7213, 0.7084, 0.7188, 0.7159], [0.6735, 0.6961, 0.67, 0.6716, 0.6754, 0.6731, 0.6841, 0.6748, 0.6866, 0.6759, 0.6778, 0.6785, 0.6714, 0.675, 0.672, 0.6759, 0.6783, 0.683], [0.715, 0.7258, 0.7242, 0.7229, 0.7225, 0.7153, 0.7187, 0.7235, 0.7156, 0.715, 0.7255, 0.7107, 0.7245, 0.725, 0.7296, 0.7248, 0.7216, 0.7177]]	
Results: 	[[0.7057, 0.7062, 0.6962, 0.708, 0.6988, 0.7011, 0.7016, 0.7092, 0.7154, 0.7117, 0.7085, 0.7112, 0.7057, 0.7053, 0.707, 0.7036, 0.7048, 0.7079, 0.7089], [0.7112, 0.7162, 0.715, 0.7158, 0.7075, 0.7136, 0.7198, 0.7038, 0.7036, 0.7153, 0.7198, 0.711, 0.7075, 0.7122, 0.7079, 0.7121, 0.7198, 0.7206, 0.6996], [0.7086, 0.7019, 0.7057, 0.7141, 0.7135, 0.7029, 0.7134, 0.7072, 0.7109, 0.7139, 0.711, 0.7106, 0.712, 0.7154, 0.7098, 0.7143, 0.7153, 0.7165, 0.7122], [0.7142, 0.7104, 0.7085, 0.7128, 0.7049, 0.7164, 0.7234, 0.7154, 0.7058, 0.7129, 0.7097, 0.7162, 0.7137, 0.7228, 0.7213, 0.7084, 0.7188, 0.7159, 0.7104], [0.6735, 0.6961, 0.67, 0.6716, 0.6754, 0.6731, 0.6841, 0.6748, 0.6866, 0.6759, 0.6778, 0.6785, 0.6714, 0.675, 0.672, 0.6759, 0.6783, 0.683, 0.6757], [0.715, 0.7258, 0.7242, 0.7229, 0.7225, 0.7153, 0.7187, 0.7235, 0.7156, 0.715, 0.7255, 0.7107, 0.7245, 0.725, 0.7296, 0.7248, 0.7216, 0.7177, 0.7219]]	
Results: 	20 Support Sets: (Mean:0.705785, SD:0.004757517596836676) | 	20 Support Sets: (Mean:0.711845, SD:0.006138101455147528) | 	20 Support Sets: (Mean:0.710925, SD:0.004055908620376229) | 	20 Support Sets: (Mean:0.7136, SD:0.005277359786464209) | 	20 Support Sets: (Mean:0.676735, SD:0.006669038832348219) | 	20 Support Sets: (Mean:0.720965, SD:0.00482103668694215) | 	
