Results: 	[[0.6926], [0.7927], [0.7098], [0.6648], [0.6295], [0.7346]]	
Results: 	[[0.6926, 0.6942], [0.7927, 0.7815], [0.7098, 0.7121], [0.6648, 0.6725], [0.6295, 0.6336], [0.7346, 0.7331]]	
Results: 	[[0.6926, 0.6942, 0.6905], [0.7927, 0.7815, 0.7819], [0.7098, 0.7121, 0.7058], [0.6648, 0.6725, 0.6681], [0.6295, 0.6336, 0.6357], [0.7346, 0.7331, 0.7311]]	
Results: 	[[0.6926, 0.6942, 0.6905, 0.6941], [0.7927, 0.7815, 0.7819, 0.7819], [0.7098, 0.7121, 0.7058, 0.7053], [0.6648, 0.6725, 0.6681, 0.6671], [0.6295, 0.6336, 0.6357, 0.629], [0.7346, 0.7331, 0.7311, 0.7351]]	
Results: 	[[0.6926, 0.6942, 0.6905, 0.6941, 0.6946], [0.7927, 0.7815, 0.7819, 0.7819, 0.7728], [0.7098, 0.7121, 0.7058, 0.7053, 0.7016], [0.6648, 0.6725, 0.6681, 0.6671, 0.6708], [0.6295, 0.6336, 0.6357, 0.629, 0.6335], [0.7346, 0.7331, 0.7311, 0.7351, 0.7401]]	
Results: 	[[0.6926, 0.6942, 0.6905, 0.6941, 0.6946, 0.6841], [0.7927, 0.7815, 0.7819, 0.7819, 0.7728, 0.7735], [0.7098, 0.7121, 0.7058, 0.7053, 0.7016, 0.7042], [0.6648, 0.6725, 0.6681, 0.6671, 0.6708, 0.6698], [0.6295, 0.6336, 0.6357, 0.629, 0.6335, 0.6186], [0.7346, 0.7331, 0.7311, 0.7351, 0.7401, 0.7242]]	
Results: 	[[0.6926, 0.6942, 0.6905, 0.6941, 0.6946, 0.6841, 0.6974], [0.7927, 0.7815, 0.7819, 0.7819, 0.7728, 0.7735, 0.779], [0.7098, 0.7121, 0.7058, 0.7053, 0.7016, 0.7042, 0.7075], [0.6648, 0.6725, 0.6681, 0.6671, 0.6708, 0.6698, 0.6772], [0.6295, 0.6336, 0.6357, 0.629, 0.6335, 0.6186, 0.6265], [0.7346, 0.7331, 0.7311, 0.7351, 0.7401, 0.7242, 0.7353]]	
Results: 	[[0.6926, 0.6942, 0.6905, 0.6941, 0.6946, 0.6841, 0.6974, 0.69], [0.7927, 0.7815, 0.7819, 0.7819, 0.7728, 0.7735, 0.779, 0.7874], [0.7098, 0.7121, 0.7058, 0.7053, 0.7016, 0.7042, 0.7075, 0.703], [0.6648, 0.6725, 0.6681, 0.6671, 0.6708, 0.6698, 0.6772, 0.6751], [0.6295, 0.6336, 0.6357, 0.629, 0.6335, 0.6186, 0.6265, 0.6216], [0.7346, 0.7331, 0.7311, 0.7351, 0.7401, 0.7242, 0.7353, 0.7314]]	
Results: 	[[0.6926, 0.6942, 0.6905, 0.6941, 0.6946, 0.6841, 0.6974, 0.69, 0.6926], [0.7927, 0.7815, 0.7819, 0.7819, 0.7728, 0.7735, 0.779, 0.7874, 0.7709], [0.7098, 0.7121, 0.7058, 0.7053, 0.7016, 0.7042, 0.7075, 0.703, 0.7024], [0.6648, 0.6725, 0.6681, 0.6671, 0.6708, 0.6698, 0.6772, 0.6751, 0.6749], [0.6295, 0.6336, 0.6357, 0.629, 0.6335, 0.6186, 0.6265, 0.6216, 0.6195], [0.7346, 0.7331, 0.7311, 0.7351, 0.7401, 0.7242, 0.7353, 0.7314, 0.7358]]	
Results: 	[[0.6926, 0.6942, 0.6905, 0.6941, 0.6946, 0.6841, 0.6974, 0.69, 0.6926, 0.6968], [0.7927, 0.7815, 0.7819, 0.7819, 0.7728, 0.7735, 0.779, 0.7874, 0.7709, 0.7695], [0.7098, 0.7121, 0.7058, 0.7053, 0.7016, 0.7042, 0.7075, 0.703, 0.7024, 0.7031], [0.6648, 0.6725, 0.6681, 0.6671, 0.6708, 0.6698, 0.6772, 0.6751, 0.6749, 0.6765], [0.6295, 0.6336, 0.6357, 0.629, 0.6335, 0.6186, 0.6265, 0.6216, 0.6195, 0.6282], [0.7346, 0.7331, 0.7311, 0.7351, 0.7401, 0.7242, 0.7353, 0.7314, 0.7358, 0.739]]	
Results: 	[[0.6926, 0.6942, 0.6905, 0.6941, 0.6946, 0.6841, 0.6974, 0.69, 0.6926, 0.6968, 0.6957], [0.7927, 0.7815, 0.7819, 0.7819, 0.7728, 0.7735, 0.779, 0.7874, 0.7709, 0.7695, 0.7701], [0.7098, 0.7121, 0.7058, 0.7053, 0.7016, 0.7042, 0.7075, 0.703, 0.7024, 0.7031, 0.7006], [0.6648, 0.6725, 0.6681, 0.6671, 0.6708, 0.6698, 0.6772, 0.6751, 0.6749, 0.6765, 0.6819], [0.6295, 0.6336, 0.6357, 0.629, 0.6335, 0.6186, 0.6265, 0.6216, 0.6195, 0.6282, 0.6307], [0.7346, 0.7331, 0.7311, 0.7351, 0.7401, 0.7242, 0.7353, 0.7314, 0.7358, 0.739, 0.7382]]	
Results: 	[[0.6926, 0.6942, 0.6905, 0.6941, 0.6946, 0.6841, 0.6974, 0.69, 0.6926, 0.6968, 0.6957, 0.6884], [0.7927, 0.7815, 0.7819, 0.7819, 0.7728, 0.7735, 0.779, 0.7874, 0.7709, 0.7695, 0.7701, 0.7624], [0.7098, 0.7121, 0.7058, 0.7053, 0.7016, 0.7042, 0.7075, 0.703, 0.7024, 0.7031, 0.7006, 0.6985], [0.6648, 0.6725, 0.6681, 0.6671, 0.6708, 0.6698, 0.6772, 0.6751, 0.6749, 0.6765, 0.6819, 0.6705], [0.6295, 0.6336, 0.6357, 0.629, 0.6335, 0.6186, 0.6265, 0.6216, 0.6195, 0.6282, 0.6307, 0.6236], [0.7346, 0.7331, 0.7311, 0.7351, 0.7401, 0.7242, 0.7353, 0.7314, 0.7358, 0.739, 0.7382, 0.7335]]	
Results: 	[[0.6926, 0.6942, 0.6905, 0.6941, 0.6946, 0.6841, 0.6974, 0.69, 0.6926, 0.6968, 0.6957, 0.6884, 0.6895], [0.7927, 0.7815, 0.7819, 0.7819, 0.7728, 0.7735, 0.779, 0.7874, 0.7709, 0.7695, 0.7701, 0.7624, 0.776], [0.7098, 0.7121, 0.7058, 0.7053, 0.7016, 0.7042, 0.7075, 0.703, 0.7024, 0.7031, 0.7006, 0.6985, 0.6987], [0.6648, 0.6725, 0.6681, 0.6671, 0.6708, 0.6698, 0.6772, 0.6751, 0.6749, 0.6765, 0.6819, 0.6705, 0.6732], [0.6295, 0.6336, 0.6357, 0.629, 0.6335, 0.6186, 0.6265, 0.6216, 0.6195, 0.6282, 0.6307, 0.6236, 0.6228], [0.7346, 0.7331, 0.7311, 0.7351, 0.7401, 0.7242, 0.7353, 0.7314, 0.7358, 0.739, 0.7382, 0.7335, 0.7191]]	
Results: 	[[0.6926, 0.6942, 0.6905, 0.6941, 0.6946, 0.6841, 0.6974, 0.69, 0.6926, 0.6968, 0.6957, 0.6884, 0.6895, 0.6915], [0.7927, 0.7815, 0.7819, 0.7819, 0.7728, 0.7735, 0.779, 0.7874, 0.7709, 0.7695, 0.7701, 0.7624, 0.776, 0.7663], [0.7098, 0.7121, 0.7058, 0.7053, 0.7016, 0.7042, 0.7075, 0.703, 0.7024, 0.7031, 0.7006, 0.6985, 0.6987, 0.7105], [0.6648, 0.6725, 0.6681, 0.6671, 0.6708, 0.6698, 0.6772, 0.6751, 0.6749, 0.6765, 0.6819, 0.6705, 0.6732, 0.6788], [0.6295, 0.6336, 0.6357, 0.629, 0.6335, 0.6186, 0.6265, 0.6216, 0.6195, 0.6282, 0.6307, 0.6236, 0.6228, 0.6246], [0.7346, 0.7331, 0.7311, 0.7351, 0.7401, 0.7242, 0.7353, 0.7314, 0.7358, 0.739, 0.7382, 0.7335, 0.7191, 0.7328]]	
Results: 	[[0.6926, 0.6942, 0.6905, 0.6941, 0.6946, 0.6841, 0.6974, 0.69, 0.6926, 0.6968, 0.6957, 0.6884, 0.6895, 0.6915, 0.6798], [0.7927, 0.7815, 0.7819, 0.7819, 0.7728, 0.7735, 0.779, 0.7874, 0.7709, 0.7695, 0.7701, 0.7624, 0.776, 0.7663, 0.7672], [0.7098, 0.7121, 0.7058, 0.7053, 0.7016, 0.7042, 0.7075, 0.703, 0.7024, 0.7031, 0.7006, 0.6985, 0.6987, 0.7105, 0.7082], [0.6648, 0.6725, 0.6681, 0.6671, 0.6708, 0.6698, 0.6772, 0.6751, 0.6749, 0.6765, 0.6819, 0.6705, 0.6732, 0.6788, 0.6751], [0.6295, 0.6336, 0.6357, 0.629, 0.6335, 0.6186, 0.6265, 0.6216, 0.6195, 0.6282, 0.6307, 0.6236, 0.6228, 0.6246, 0.6308], [0.7346, 0.7331, 0.7311, 0.7351, 0.7401, 0.7242, 0.7353, 0.7314, 0.7358, 0.739, 0.7382, 0.7335, 0.7191, 0.7328, 0.7366]]	
Results: 	[[0.6926, 0.6942, 0.6905, 0.6941, 0.6946, 0.6841, 0.6974, 0.69, 0.6926, 0.6968, 0.6957, 0.6884, 0.6895, 0.6915, 0.6798, 0.6862], [0.7927, 0.7815, 0.7819, 0.7819, 0.7728, 0.7735, 0.779, 0.7874, 0.7709, 0.7695, 0.7701, 0.7624, 0.776, 0.7663, 0.7672, 0.7797], [0.7098, 0.7121, 0.7058, 0.7053, 0.7016, 0.7042, 0.7075, 0.703, 0.7024, 0.7031, 0.7006, 0.6985, 0.6987, 0.7105, 0.7082, 0.7107], [0.6648, 0.6725, 0.6681, 0.6671, 0.6708, 0.6698, 0.6772, 0.6751, 0.6749, 0.6765, 0.6819, 0.6705, 0.6732, 0.6788, 0.6751, 0.6842], [0.6295, 0.6336, 0.6357, 0.629, 0.6335, 0.6186, 0.6265, 0.6216, 0.6195, 0.6282, 0.6307, 0.6236, 0.6228, 0.6246, 0.6308, 0.6383], [0.7346, 0.7331, 0.7311, 0.7351, 0.7401, 0.7242, 0.7353, 0.7314, 0.7358, 0.739, 0.7382, 0.7335, 0.7191, 0.7328, 0.7366, 0.741]]	
Results: 	[[0.6926, 0.6942, 0.6905, 0.6941, 0.6946, 0.6841, 0.6974, 0.69, 0.6926, 0.6968, 0.6957, 0.6884, 0.6895, 0.6915, 0.6798, 0.6862, 0.6841, 0.6899], [0.7927, 0.7815, 0.7819, 0.7819, 0.7728, 0.7735, 0.779, 0.7874, 0.7709, 0.7695, 0.7701, 0.7624, 0.776, 0.7663, 0.7672, 0.7797, 0.7836, 0.7822], [0.7098, 0.7121, 0.7058, 0.7053, 0.7016, 0.7042, 0.7075, 0.703, 0.7024, 0.7031, 0.7006, 0.6985, 0.6987, 0.7105, 0.7082, 0.7107, 0.7063, 0.7121], [0.6648, 0.6725, 0.6681, 0.6671, 0.6708, 0.6698, 0.6772, 0.6751, 0.6749, 0.6765, 0.6819, 0.6705, 0.6732, 0.6788, 0.6751, 0.6842, 0.6815, 0.6862], [0.6295, 0.6336, 0.6357, 0.629, 0.6335, 0.6186, 0.6265, 0.6216, 0.6195, 0.6282, 0.6307, 0.6236, 0.6228, 0.6246, 0.6308, 0.6383, 0.6348, 0.6276], [0.7346, 0.7331, 0.7311, 0.7351, 0.7401, 0.7242, 0.7353, 0.7314, 0.7358, 0.739, 0.7382, 0.7335, 0.7191, 0.7328, 0.7366, 0.741, 0.733, 0.7307]]	
Results: 	[[0.6926, 0.6942, 0.6905, 0.6941, 0.6946, 0.6841, 0.6974, 0.69, 0.6926, 0.6968, 0.6957, 0.6884, 0.6895, 0.6915, 0.6798, 0.6862, 0.6841, 0.6899, 0.6852], [0.7927, 0.7815, 0.7819, 0.7819, 0.7728, 0.7735, 0.779, 0.7874, 0.7709, 0.7695, 0.7701, 0.7624, 0.776, 0.7663, 0.7672, 0.7797, 0.7836, 0.7822, 0.7834], [0.7098, 0.7121, 0.7058, 0.7053, 0.7016, 0.7042, 0.7075, 0.703, 0.7024, 0.7031, 0.7006, 0.6985, 0.6987, 0.7105, 0.7082, 0.7107, 0.7063, 0.7121, 0.7083], [0.6648, 0.6725, 0.6681, 0.6671, 0.6708, 0.6698, 0.6772, 0.6751, 0.6749, 0.6765, 0.6819, 0.6705, 0.6732, 0.6788, 0.6751, 0.6842, 0.6815, 0.6862, 0.6681], [0.6295, 0.6336, 0.6357, 0.629, 0.6335, 0.6186, 0.6265, 0.6216, 0.6195, 0.6282, 0.6307, 0.6236, 0.6228, 0.6246, 0.6308, 0.6383, 0.6348, 0.6276, 0.6169], [0.7346, 0.7331, 0.7311, 0.7351, 0.7401, 0.7242, 0.7353, 0.7314, 0.7358, 0.739, 0.7382, 0.7335, 0.7191, 0.7328, 0.7366, 0.741, 0.733, 0.7307, 0.7216]]	
Results: 	20 Support Sets: (Mean:0.690225, SD:0.004731515279707468) | 	20 Support Sets: (Mean:0.77629, SD:0.008289428905476378) | 	20 Support Sets: (Mean:0.70595, SD:0.004318320823751069) | 	20 Support Sets: (Mean:0.67499, SD:0.006197783984279344) | 	20 Support Sets: (Mean:0.62795, SD:0.006086179339073759) | 	20 Support Sets: (Mean:0.732795, SD:0.005771661714564397) | 	
