Results: 	[[0.6197], [0.5695], [0.59]]	
Results: 	[[0.6197, 0.6281], [0.5695, 0.5561], [0.59, 0.59]]	
Results: 	[[0.6197, 0.6281, 0.6066], [0.5695, 0.5561, 0.5779], [0.59, 0.59, 0.5666]]	
Results: 	[[0.6197, 0.6281, 0.6066, 0.6131], [0.5695, 0.5561, 0.5779, 0.5835], [0.59, 0.59, 0.5666, 0.6074]]	
Results: 	[[0.6197, 0.6281, 0.6066, 0.6131, 0.6124], [0.5695, 0.5561, 0.5779, 0.5835, 0.5732], [0.59, 0.59, 0.5666, 0.6074, 0.6028]]	
Results: 	[[0.6197, 0.6281, 0.6066, 0.6131, 0.6124, 0.5928], [0.5695, 0.5561, 0.5779, 0.5835, 0.5732, 0.5652], [0.59, 0.59, 0.5666, 0.6074, 0.6028, 0.5988]]	
Results: 	[[0.6197, 0.6281, 0.6066, 0.6131, 0.6124, 0.5928, 0.618], [0.5695, 0.5561, 0.5779, 0.5835, 0.5732, 0.5652, 0.5794], [0.59, 0.59, 0.5666, 0.6074, 0.6028, 0.5988, 0.5857]]	
Results: 	[[0.6197, 0.6281, 0.6066, 0.6131, 0.6124, 0.5928, 0.618, 0.6215], [0.5695, 0.5561, 0.5779, 0.5835, 0.5732, 0.5652, 0.5794, 0.5733], [0.59, 0.59, 0.5666, 0.6074, 0.6028, 0.5988, 0.5857, 0.579]]	
Results: 	[[0.6197, 0.6281, 0.6066, 0.6131, 0.6124, 0.5928, 0.618, 0.6215, 0.6149], [0.5695, 0.5561, 0.5779, 0.5835, 0.5732, 0.5652, 0.5794, 0.5733, 0.5779], [0.59, 0.59, 0.5666, 0.6074, 0.6028, 0.5988, 0.5857, 0.579, 0.5913]]	
Results: 	[[0.6197, 0.6281, 0.6066, 0.6131, 0.6124, 0.5928, 0.618, 0.6215, 0.6149, 0.5857], [0.5695, 0.5561, 0.5779, 0.5835, 0.5732, 0.5652, 0.5794, 0.5733, 0.5779, 0.5711], [0.59, 0.59, 0.5666, 0.6074, 0.6028, 0.5988, 0.5857, 0.579, 0.5913, 0.5762]]	
Results: 	[[0.6197, 0.6281, 0.6066, 0.6131, 0.6124, 0.5928, 0.618, 0.6215, 0.6149, 0.5857, 0.6145], [0.5695, 0.5561, 0.5779, 0.5835, 0.5732, 0.5652, 0.5794, 0.5733, 0.5779, 0.5711, 0.5739], [0.59, 0.59, 0.5666, 0.6074, 0.6028, 0.5988, 0.5857, 0.579, 0.5913, 0.5762, 0.5833]]	
Results: 	[[0.6197, 0.6281, 0.6066, 0.6131, 0.6124, 0.5928, 0.618, 0.6215, 0.6149, 0.5857, 0.6145, 0.6117], [0.5695, 0.5561, 0.5779, 0.5835, 0.5732, 0.5652, 0.5794, 0.5733, 0.5779, 0.5711, 0.5739, 0.5692], [0.59, 0.59, 0.5666, 0.6074, 0.6028, 0.5988, 0.5857, 0.579, 0.5913, 0.5762, 0.5833, 0.5821]]	
Results: 	[[0.6197, 0.6281, 0.6066, 0.6131, 0.6124, 0.5928, 0.618, 0.6215, 0.6149, 0.5857, 0.6145, 0.6117, 0.6338], [0.5695, 0.5561, 0.5779, 0.5835, 0.5732, 0.5652, 0.5794, 0.5733, 0.5779, 0.5711, 0.5739, 0.5692, 0.5909], [0.59, 0.59, 0.5666, 0.6074, 0.6028, 0.5988, 0.5857, 0.579, 0.5913, 0.5762, 0.5833, 0.5821, 0.5996]]	
Results: 	[[0.6197, 0.6281, 0.6066, 0.6131, 0.6124, 0.5928, 0.618, 0.6215, 0.6149, 0.5857, 0.6145, 0.6117, 0.6338, 0.6136], [0.5695, 0.5561, 0.5779, 0.5835, 0.5732, 0.5652, 0.5794, 0.5733, 0.5779, 0.5711, 0.5739, 0.5692, 0.5909, 0.5827], [0.59, 0.59, 0.5666, 0.6074, 0.6028, 0.5988, 0.5857, 0.579, 0.5913, 0.5762, 0.5833, 0.5821, 0.5996, 0.6107]]	
Results: 	[[0.6197, 0.6281, 0.6066, 0.6131, 0.6124, 0.5928, 0.618, 0.6215, 0.6149, 0.5857, 0.6145, 0.6117, 0.6338, 0.6136, 0.6331], [0.5695, 0.5561, 0.5779, 0.5835, 0.5732, 0.5652, 0.5794, 0.5733, 0.5779, 0.5711, 0.5739, 0.5692, 0.5909, 0.5827, 0.5624], [0.59, 0.59, 0.5666, 0.6074, 0.6028, 0.5988, 0.5857, 0.579, 0.5913, 0.5762, 0.5833, 0.5821, 0.5996, 0.6107, 0.5945]]	
Results: 	[[0.6197, 0.6281, 0.6066, 0.6131, 0.6124, 0.5928, 0.618, 0.6215, 0.6149, 0.5857, 0.6145, 0.6117, 0.6338, 0.6136, 0.6331, 0.6277], [0.5695, 0.5561, 0.5779, 0.5835, 0.5732, 0.5652, 0.5794, 0.5733, 0.5779, 0.5711, 0.5739, 0.5692, 0.5909, 0.5827, 0.5624, 0.5665], [0.59, 0.59, 0.5666, 0.6074, 0.6028, 0.5988, 0.5857, 0.579, 0.5913, 0.5762, 0.5833, 0.5821, 0.5996, 0.6107, 0.5945, 0.6026]]	
Results: 	[[0.6197, 0.6281, 0.6066, 0.6131, 0.6124, 0.5928, 0.618, 0.6215, 0.6149, 0.5857, 0.6145, 0.6117, 0.6338, 0.6136, 0.6331, 0.6277, 0.6132, 0.6121], [0.5695, 0.5561, 0.5779, 0.5835, 0.5732, 0.5652, 0.5794, 0.5733, 0.5779, 0.5711, 0.5739, 0.5692, 0.5909, 0.5827, 0.5624, 0.5665, 0.5822, 0.5898], [0.59, 0.59, 0.5666, 0.6074, 0.6028, 0.5988, 0.5857, 0.579, 0.5913, 0.5762, 0.5833, 0.5821, 0.5996, 0.6107, 0.5945, 0.6026, 0.6046, 0.5901]]	
Results: 	[[0.6197, 0.6281, 0.6066, 0.6131, 0.6124, 0.5928, 0.618, 0.6215, 0.6149, 0.5857, 0.6145, 0.6117, 0.6338, 0.6136, 0.6331, 0.6277, 0.6132, 0.6121, 0.6081], [0.5695, 0.5561, 0.5779, 0.5835, 0.5732, 0.5652, 0.5794, 0.5733, 0.5779, 0.5711, 0.5739, 0.5692, 0.5909, 0.5827, 0.5624, 0.5665, 0.5822, 0.5898, 0.5828], [0.59, 0.59, 0.5666, 0.6074, 0.6028, 0.5988, 0.5857, 0.579, 0.5913, 0.5762, 0.5833, 0.5821, 0.5996, 0.6107, 0.5945, 0.6026, 0.6046, 0.5901, 0.5843]]	
Results: 	20 Support Sets: (Max:0.6338, Mean:0.6144000000000001, SD:0.011793129132543332) | 	20 Support Sets: (Max:0.5909, Mean:0.575485, SD:0.009090438875399154) | 	20 Support Sets: (Max:0.6107, Mean:0.591465, SD:0.011316047059491748) | 	
