Results: 	[[0.711], [0.7744], [0.6975], [0.6931], [0.6588], [0.7367]]	
Results: 	[[0.711, 0.7], [0.7744, 0.7551], [0.6975, 0.7135], [0.6931, 0.6927], [0.6588, 0.6503], [0.7367, 0.7228]]	
Results: 	[[0.711, 0.7, 0.6876], [0.7744, 0.7551, 0.7693], [0.6975, 0.7135, 0.716], [0.6931, 0.6927, 0.6974], [0.6588, 0.6503, 0.6579], [0.7367, 0.7228, 0.7134]]	
Results: 	[[0.711, 0.7, 0.6876, 0.6988], [0.7744, 0.7551, 0.7693, 0.7797], [0.6975, 0.7135, 0.716, 0.7154], [0.6931, 0.6927, 0.6974, 0.6741], [0.6588, 0.6503, 0.6579, 0.6545], [0.7367, 0.7228, 0.7134, 0.7384]]	
Results: 	[[0.711, 0.7, 0.6876, 0.6988, 0.7106], [0.7744, 0.7551, 0.7693, 0.7797, 0.7597], [0.6975, 0.7135, 0.716, 0.7154, 0.7007], [0.6931, 0.6927, 0.6974, 0.6741, 0.6792], [0.6588, 0.6503, 0.6579, 0.6545, 0.648], [0.7367, 0.7228, 0.7134, 0.7384, 0.7331]]	
Results: 	[[0.711, 0.7, 0.6876, 0.6988, 0.7106, 0.7101], [0.7744, 0.7551, 0.7693, 0.7797, 0.7597, 0.7647], [0.6975, 0.7135, 0.716, 0.7154, 0.7007, 0.7161], [0.6931, 0.6927, 0.6974, 0.6741, 0.6792, 0.6739], [0.6588, 0.6503, 0.6579, 0.6545, 0.648, 0.6469], [0.7367, 0.7228, 0.7134, 0.7384, 0.7331, 0.7379]]	
Results: 	[[0.711, 0.7, 0.6876, 0.6988, 0.7106, 0.7101, 0.6953], [0.7744, 0.7551, 0.7693, 0.7797, 0.7597, 0.7647, 0.7801], [0.6975, 0.7135, 0.716, 0.7154, 0.7007, 0.7161, 0.7], [0.6931, 0.6927, 0.6974, 0.6741, 0.6792, 0.6739, 0.6825], [0.6588, 0.6503, 0.6579, 0.6545, 0.648, 0.6469, 0.6469], [0.7367, 0.7228, 0.7134, 0.7384, 0.7331, 0.7379, 0.7305]]	
Results: 	[[0.711, 0.7, 0.6876, 0.6988, 0.7106, 0.7101, 0.6953, 0.6756], [0.7744, 0.7551, 0.7693, 0.7797, 0.7597, 0.7647, 0.7801, 0.7697], [0.6975, 0.7135, 0.716, 0.7154, 0.7007, 0.7161, 0.7, 0.7141], [0.6931, 0.6927, 0.6974, 0.6741, 0.6792, 0.6739, 0.6825, 0.6781], [0.6588, 0.6503, 0.6579, 0.6545, 0.648, 0.6469, 0.6469, 0.657], [0.7367, 0.7228, 0.7134, 0.7384, 0.7331, 0.7379, 0.7305, 0.7507]]	
Results: 	[[0.711, 0.7, 0.6876, 0.6988, 0.7106, 0.7101, 0.6953, 0.6756, 0.6927], [0.7744, 0.7551, 0.7693, 0.7797, 0.7597, 0.7647, 0.7801, 0.7697, 0.7732], [0.6975, 0.7135, 0.716, 0.7154, 0.7007, 0.7161, 0.7, 0.7141, 0.7021], [0.6931, 0.6927, 0.6974, 0.6741, 0.6792, 0.6739, 0.6825, 0.6781, 0.6935], [0.6588, 0.6503, 0.6579, 0.6545, 0.648, 0.6469, 0.6469, 0.657, 0.6427], [0.7367, 0.7228, 0.7134, 0.7384, 0.7331, 0.7379, 0.7305, 0.7507, 0.7328]]	
Results: 	[[0.711, 0.7, 0.6876, 0.6988, 0.7106, 0.7101, 0.6953, 0.6756, 0.6927, 0.7041], [0.7744, 0.7551, 0.7693, 0.7797, 0.7597, 0.7647, 0.7801, 0.7697, 0.7732, 0.7713], [0.6975, 0.7135, 0.716, 0.7154, 0.7007, 0.7161, 0.7, 0.7141, 0.7021, 0.6988], [0.6931, 0.6927, 0.6974, 0.6741, 0.6792, 0.6739, 0.6825, 0.6781, 0.6935, 0.6953], [0.6588, 0.6503, 0.6579, 0.6545, 0.648, 0.6469, 0.6469, 0.657, 0.6427, 0.6498], [0.7367, 0.7228, 0.7134, 0.7384, 0.7331, 0.7379, 0.7305, 0.7507, 0.7328, 0.7239]]	
Results: 	[[0.711, 0.7, 0.6876, 0.6988, 0.7106, 0.7101, 0.6953, 0.6756, 0.6927, 0.7041, 0.6969], [0.7744, 0.7551, 0.7693, 0.7797, 0.7597, 0.7647, 0.7801, 0.7697, 0.7732, 0.7713, 0.7763], [0.6975, 0.7135, 0.716, 0.7154, 0.7007, 0.7161, 0.7, 0.7141, 0.7021, 0.6988, 0.7013], [0.6931, 0.6927, 0.6974, 0.6741, 0.6792, 0.6739, 0.6825, 0.6781, 0.6935, 0.6953, 0.696], [0.6588, 0.6503, 0.6579, 0.6545, 0.648, 0.6469, 0.6469, 0.657, 0.6427, 0.6498, 0.6378], [0.7367, 0.7228, 0.7134, 0.7384, 0.7331, 0.7379, 0.7305, 0.7507, 0.7328, 0.7239, 0.7279]]	
Results: 	[[0.711, 0.7, 0.6876, 0.6988, 0.7106, 0.7101, 0.6953, 0.6756, 0.6927, 0.7041, 0.6969, 0.6974], [0.7744, 0.7551, 0.7693, 0.7797, 0.7597, 0.7647, 0.7801, 0.7697, 0.7732, 0.7713, 0.7763, 0.774], [0.6975, 0.7135, 0.716, 0.7154, 0.7007, 0.7161, 0.7, 0.7141, 0.7021, 0.6988, 0.7013, 0.7038], [0.6931, 0.6927, 0.6974, 0.6741, 0.6792, 0.6739, 0.6825, 0.6781, 0.6935, 0.6953, 0.696, 0.6859], [0.6588, 0.6503, 0.6579, 0.6545, 0.648, 0.6469, 0.6469, 0.657, 0.6427, 0.6498, 0.6378, 0.6631], [0.7367, 0.7228, 0.7134, 0.7384, 0.7331, 0.7379, 0.7305, 0.7507, 0.7328, 0.7239, 0.7279, 0.7139]]	
Results: 	[[0.711, 0.7, 0.6876, 0.6988, 0.7106, 0.7101, 0.6953, 0.6756, 0.6927, 0.7041, 0.6969, 0.6974, 0.7057], [0.7744, 0.7551, 0.7693, 0.7797, 0.7597, 0.7647, 0.7801, 0.7697, 0.7732, 0.7713, 0.7763, 0.774, 0.7647], [0.6975, 0.7135, 0.716, 0.7154, 0.7007, 0.7161, 0.7, 0.7141, 0.7021, 0.6988, 0.7013, 0.7038, 0.7002], [0.6931, 0.6927, 0.6974, 0.6741, 0.6792, 0.6739, 0.6825, 0.6781, 0.6935, 0.6953, 0.696, 0.6859, 0.6941], [0.6588, 0.6503, 0.6579, 0.6545, 0.648, 0.6469, 0.6469, 0.657, 0.6427, 0.6498, 0.6378, 0.6631, 0.6597], [0.7367, 0.7228, 0.7134, 0.7384, 0.7331, 0.7379, 0.7305, 0.7507, 0.7328, 0.7239, 0.7279, 0.7139, 0.7305]]	
Results: 	[[0.711, 0.7, 0.6876, 0.6988, 0.7106, 0.7101, 0.6953, 0.6756, 0.6927, 0.7041, 0.6969, 0.6974, 0.7057, 0.6829], [0.7744, 0.7551, 0.7693, 0.7797, 0.7597, 0.7647, 0.7801, 0.7697, 0.7732, 0.7713, 0.7763, 0.774, 0.7647, 0.7655], [0.6975, 0.7135, 0.716, 0.7154, 0.7007, 0.7161, 0.7, 0.7141, 0.7021, 0.6988, 0.7013, 0.7038, 0.7002, 0.6998], [0.6931, 0.6927, 0.6974, 0.6741, 0.6792, 0.6739, 0.6825, 0.6781, 0.6935, 0.6953, 0.696, 0.6859, 0.6941, 0.6793], [0.6588, 0.6503, 0.6579, 0.6545, 0.648, 0.6469, 0.6469, 0.657, 0.6427, 0.6498, 0.6378, 0.6631, 0.6597, 0.6463], [0.7367, 0.7228, 0.7134, 0.7384, 0.7331, 0.7379, 0.7305, 0.7507, 0.7328, 0.7239, 0.7279, 0.7139, 0.7305, 0.7133]]	
Results: 	[[0.711, 0.7, 0.6876, 0.6988, 0.7106, 0.7101, 0.6953, 0.6756, 0.6927, 0.7041, 0.6969, 0.6974, 0.7057, 0.6829, 0.7071], [0.7744, 0.7551, 0.7693, 0.7797, 0.7597, 0.7647, 0.7801, 0.7697, 0.7732, 0.7713, 0.7763, 0.774, 0.7647, 0.7655, 0.7705], [0.6975, 0.7135, 0.716, 0.7154, 0.7007, 0.7161, 0.7, 0.7141, 0.7021, 0.6988, 0.7013, 0.7038, 0.7002, 0.6998, 0.6996], [0.6931, 0.6927, 0.6974, 0.6741, 0.6792, 0.6739, 0.6825, 0.6781, 0.6935, 0.6953, 0.696, 0.6859, 0.6941, 0.6793, 0.6763], [0.6588, 0.6503, 0.6579, 0.6545, 0.648, 0.6469, 0.6469, 0.657, 0.6427, 0.6498, 0.6378, 0.6631, 0.6597, 0.6463, 0.6583], [0.7367, 0.7228, 0.7134, 0.7384, 0.7331, 0.7379, 0.7305, 0.7507, 0.7328, 0.7239, 0.7279, 0.7139, 0.7305, 0.7133, 0.7327]]	
Results: 	[[0.711, 0.7, 0.6876, 0.6988, 0.7106, 0.7101, 0.6953, 0.6756, 0.6927, 0.7041, 0.6969, 0.6974, 0.7057, 0.6829, 0.7071, 0.7081], [0.7744, 0.7551, 0.7693, 0.7797, 0.7597, 0.7647, 0.7801, 0.7697, 0.7732, 0.7713, 0.7763, 0.774, 0.7647, 0.7655, 0.7705, 0.7767], [0.6975, 0.7135, 0.716, 0.7154, 0.7007, 0.7161, 0.7, 0.7141, 0.7021, 0.6988, 0.7013, 0.7038, 0.7002, 0.6998, 0.6996, 0.7005], [0.6931, 0.6927, 0.6974, 0.6741, 0.6792, 0.6739, 0.6825, 0.6781, 0.6935, 0.6953, 0.696, 0.6859, 0.6941, 0.6793, 0.6763, 0.6753], [0.6588, 0.6503, 0.6579, 0.6545, 0.648, 0.6469, 0.6469, 0.657, 0.6427, 0.6498, 0.6378, 0.6631, 0.6597, 0.6463, 0.6583, 0.6507], [0.7367, 0.7228, 0.7134, 0.7384, 0.7331, 0.7379, 0.7305, 0.7507, 0.7328, 0.7239, 0.7279, 0.7139, 0.7305, 0.7133, 0.7327, 0.7318]]	
Results: 	[[0.711, 0.7, 0.6876, 0.6988, 0.7106, 0.7101, 0.6953, 0.6756, 0.6927, 0.7041, 0.6969, 0.6974, 0.7057, 0.6829, 0.7071, 0.7081, 0.6902], [0.7744, 0.7551, 0.7693, 0.7797, 0.7597, 0.7647, 0.7801, 0.7697, 0.7732, 0.7713, 0.7763, 0.774, 0.7647, 0.7655, 0.7705, 0.7767, 0.7686], [0.6975, 0.7135, 0.716, 0.7154, 0.7007, 0.7161, 0.7, 0.7141, 0.7021, 0.6988, 0.7013, 0.7038, 0.7002, 0.6998, 0.6996, 0.7005, 0.6964], [0.6931, 0.6927, 0.6974, 0.6741, 0.6792, 0.6739, 0.6825, 0.6781, 0.6935, 0.6953, 0.696, 0.6859, 0.6941, 0.6793, 0.6763, 0.6753, 0.6989], [0.6588, 0.6503, 0.6579, 0.6545, 0.648, 0.6469, 0.6469, 0.657, 0.6427, 0.6498, 0.6378, 0.6631, 0.6597, 0.6463, 0.6583, 0.6507, 0.6532], [0.7367, 0.7228, 0.7134, 0.7384, 0.7331, 0.7379, 0.7305, 0.7507, 0.7328, 0.7239, 0.7279, 0.7139, 0.7305, 0.7133, 0.7327, 0.7318, 0.7143]]	
Results: 	[[0.711, 0.7, 0.6876, 0.6988, 0.7106, 0.7101, 0.6953, 0.6756, 0.6927, 0.7041, 0.6969, 0.6974, 0.7057, 0.6829, 0.7071, 0.7081, 0.6902, 0.6763], [0.7744, 0.7551, 0.7693, 0.7797, 0.7597, 0.7647, 0.7801, 0.7697, 0.7732, 0.7713, 0.7763, 0.774, 0.7647, 0.7655, 0.7705, 0.7767, 0.7686, 0.7674], [0.6975, 0.7135, 0.716, 0.7154, 0.7007, 0.7161, 0.7, 0.7141, 0.7021, 0.6988, 0.7013, 0.7038, 0.7002, 0.6998, 0.6996, 0.7005, 0.6964, 0.7016], [0.6931, 0.6927, 0.6974, 0.6741, 0.6792, 0.6739, 0.6825, 0.6781, 0.6935, 0.6953, 0.696, 0.6859, 0.6941, 0.6793, 0.6763, 0.6753, 0.6989, 0.6816], [0.6588, 0.6503, 0.6579, 0.6545, 0.648, 0.6469, 0.6469, 0.657, 0.6427, 0.6498, 0.6378, 0.6631, 0.6597, 0.6463, 0.6583, 0.6507, 0.6532, 0.6441], [0.7367, 0.7228, 0.7134, 0.7384, 0.7331, 0.7379, 0.7305, 0.7507, 0.7328, 0.7239, 0.7279, 0.7139, 0.7305, 0.7133, 0.7327, 0.7318, 0.7143, 0.7323]]	
Results: 	[[0.711, 0.7, 0.6876, 0.6988, 0.7106, 0.7101, 0.6953, 0.6756, 0.6927, 0.7041, 0.6969, 0.6974, 0.7057, 0.6829, 0.7071, 0.7081, 0.6902, 0.6763, 0.7045], [0.7744, 0.7551, 0.7693, 0.7797, 0.7597, 0.7647, 0.7801, 0.7697, 0.7732, 0.7713, 0.7763, 0.774, 0.7647, 0.7655, 0.7705, 0.7767, 0.7686, 0.7674, 0.7797], [0.6975, 0.7135, 0.716, 0.7154, 0.7007, 0.7161, 0.7, 0.7141, 0.7021, 0.6988, 0.7013, 0.7038, 0.7002, 0.6998, 0.6996, 0.7005, 0.6964, 0.7016, 0.6692], [0.6931, 0.6927, 0.6974, 0.6741, 0.6792, 0.6739, 0.6825, 0.6781, 0.6935, 0.6953, 0.696, 0.6859, 0.6941, 0.6793, 0.6763, 0.6753, 0.6989, 0.6816, 0.6863], [0.6588, 0.6503, 0.6579, 0.6545, 0.648, 0.6469, 0.6469, 0.657, 0.6427, 0.6498, 0.6378, 0.6631, 0.6597, 0.6463, 0.6583, 0.6507, 0.6532, 0.6441, 0.6572], [0.7367, 0.7228, 0.7134, 0.7384, 0.7331, 0.7379, 0.7305, 0.7507, 0.7328, 0.7239, 0.7279, 0.7139, 0.7305, 0.7133, 0.7327, 0.7318, 0.7143, 0.7323, 0.7339]]	
Results: 	20 Support Sets: (Max:0.711, Mean:0.6977949999999999, SD:0.010802410793307586) | 	20 Support Sets: (Max:0.7801, Mean:0.770535, SD:0.006611097130065305) | 	20 Support Sets: (Max:0.7161, Mean:0.702375, SD:0.010297668361537499) | 	20 Support Sets: (Max:0.6993, Mean:0.68664, SD:0.00903376123800397) | 	20 Support Sets: (Max:0.6631, Mean:0.652265, SD:0.006973806255138615) | 	20 Support Sets: (Max:0.7507, Mean:0.728245, SD:0.010260166973095) | 	
