Results: 	[[0.6446], [0.6545], [0.6056]]	
Results: 	[[0.6446, 0.6809], [0.6545, 0.6499], [0.6056, 0.6315]]	
Results: 	[[0.6446, 0.6809, 0.6655], [0.6545, 0.6499, 0.6705], [0.6056, 0.6315, 0.6675]]	
Results: 	[[0.6446, 0.6809, 0.6655, 0.6793], [0.6545, 0.6499, 0.6705, 0.6783], [0.6056, 0.6315, 0.6675, 0.5916]]	
Results: 	[[0.6446, 0.6809, 0.6655, 0.6793, 0.6701], [0.6545, 0.6499, 0.6705, 0.6783, 0.5812], [0.6056, 0.6315, 0.6675, 0.5916, 0.5785]]	
Results: 	[[0.6446, 0.6809, 0.6655, 0.6793, 0.6701, 0.6107], [0.6545, 0.6499, 0.6705, 0.6783, 0.5812, 0.6259], [0.6056, 0.6315, 0.6675, 0.5916, 0.5785, 0.6141]]	
Results: 	[[0.6446, 0.6809, 0.6655, 0.6793, 0.6701, 0.6107, 0.6806], [0.6545, 0.6499, 0.6705, 0.6783, 0.5812, 0.6259, 0.6386], [0.6056, 0.6315, 0.6675, 0.5916, 0.5785, 0.6141, 0.6525]]	
Results: 	[[0.6446, 0.6809, 0.6655, 0.6793, 0.6701, 0.6107, 0.6806, 0.5905], [0.6545, 0.6499, 0.6705, 0.6783, 0.5812, 0.6259, 0.6386, 0.5646], [0.6056, 0.6315, 0.6675, 0.5916, 0.5785, 0.6141, 0.6525, 0.5714]]	
Results: 	[[0.6446, 0.6809, 0.6655, 0.6793, 0.6701, 0.6107, 0.6806, 0.5905, 0.5685], [0.6545, 0.6499, 0.6705, 0.6783, 0.5812, 0.6259, 0.6386, 0.5646, 0.6011], [0.6056, 0.6315, 0.6675, 0.5916, 0.5785, 0.6141, 0.6525, 0.5714, 0.6348]]	
Results: 	[[0.6446, 0.6809, 0.6655, 0.6793, 0.6701, 0.6107, 0.6806, 0.5905, 0.5685, 0.6568], [0.6545, 0.6499, 0.6705, 0.6783, 0.5812, 0.6259, 0.6386, 0.5646, 0.6011, 0.6701], [0.6056, 0.6315, 0.6675, 0.5916, 0.5785, 0.6141, 0.6525, 0.5714, 0.6348, 0.6587]]	
Results: 	[[0.6446, 0.6809, 0.6655, 0.6793, 0.6701, 0.6107, 0.6806, 0.5905, 0.5685, 0.6568, 0.5734], [0.6545, 0.6499, 0.6705, 0.6783, 0.5812, 0.6259, 0.6386, 0.5646, 0.6011, 0.6701, 0.657], [0.6056, 0.6315, 0.6675, 0.5916, 0.5785, 0.6141, 0.6525, 0.5714, 0.6348, 0.6587, 0.6219]]	
Results: 	[[0.6446, 0.6809, 0.6655, 0.6793, 0.6701, 0.6107, 0.6806, 0.5905, 0.5685, 0.6568, 0.5734, 0.6604], [0.6545, 0.6499, 0.6705, 0.6783, 0.5812, 0.6259, 0.6386, 0.5646, 0.6011, 0.6701, 0.657, 0.6811], [0.6056, 0.6315, 0.6675, 0.5916, 0.5785, 0.6141, 0.6525, 0.5714, 0.6348, 0.6587, 0.6219, 0.6091]]	
Results: 	[[0.6446, 0.6809, 0.6655, 0.6793, 0.6701, 0.6107, 0.6806, 0.5905, 0.5685, 0.6568, 0.5734, 0.6604, 0.6869], [0.6545, 0.6499, 0.6705, 0.6783, 0.5812, 0.6259, 0.6386, 0.5646, 0.6011, 0.6701, 0.657, 0.6811, 0.5961], [0.6056, 0.6315, 0.6675, 0.5916, 0.5785, 0.6141, 0.6525, 0.5714, 0.6348, 0.6587, 0.6219, 0.6091, 0.6224]]	
Results: 	[[0.6446, 0.6809, 0.6655, 0.6793, 0.6701, 0.6107, 0.6806, 0.5905, 0.5685, 0.6568, 0.5734, 0.6604, 0.6869, 0.6449], [0.6545, 0.6499, 0.6705, 0.6783, 0.5812, 0.6259, 0.6386, 0.5646, 0.6011, 0.6701, 0.657, 0.6811, 0.5961, 0.5945], [0.6056, 0.6315, 0.6675, 0.5916, 0.5785, 0.6141, 0.6525, 0.5714, 0.6348, 0.6587, 0.6219, 0.6091, 0.6224, 0.6447]]	
Results: 	[[0.6446, 0.6809, 0.6655, 0.6793, 0.6701, 0.6107, 0.6806, 0.5905, 0.5685, 0.6568, 0.5734, 0.6604, 0.6869, 0.6449, 0.6856], [0.6545, 0.6499, 0.6705, 0.6783, 0.5812, 0.6259, 0.6386, 0.5646, 0.6011, 0.6701, 0.657, 0.6811, 0.5961, 0.5945, 0.6939], [0.6056, 0.6315, 0.6675, 0.5916, 0.5785, 0.6141, 0.6525, 0.5714, 0.6348, 0.6587, 0.6219, 0.6091, 0.6224, 0.6447, 0.5847]]	
Results: 	[[0.6446, 0.6809, 0.6655, 0.6793, 0.6701, 0.6107, 0.6806, 0.5905, 0.5685, 0.6568, 0.5734, 0.6604, 0.6869, 0.6449, 0.6856, 0.6238], [0.6545, 0.6499, 0.6705, 0.6783, 0.5812, 0.6259, 0.6386, 0.5646, 0.6011, 0.6701, 0.657, 0.6811, 0.5961, 0.5945, 0.6939, 0.6836], [0.6056, 0.6315, 0.6675, 0.5916, 0.5785, 0.6141, 0.6525, 0.5714, 0.6348, 0.6587, 0.6219, 0.6091, 0.6224, 0.6447, 0.5847, 0.5629]]	
Results: 	[[0.6446, 0.6809, 0.6655, 0.6793, 0.6701, 0.6107, 0.6806, 0.5905, 0.5685, 0.6568, 0.5734, 0.6604, 0.6869, 0.6449, 0.6856, 0.6238, 0.6673], [0.6545, 0.6499, 0.6705, 0.6783, 0.5812, 0.6259, 0.6386, 0.5646, 0.6011, 0.6701, 0.657, 0.6811, 0.5961, 0.5945, 0.6939, 0.6836, 0.6715], [0.6056, 0.6315, 0.6675, 0.5916, 0.5785, 0.6141, 0.6525, 0.5714, 0.6348, 0.6587, 0.6219, 0.6091, 0.6224, 0.6447, 0.5847, 0.5629, 0.6358]]	
Results: 	[[0.6446, 0.6809, 0.6655, 0.6793, 0.6701, 0.6107, 0.6806, 0.5905, 0.5685, 0.6568, 0.5734, 0.6604, 0.6869, 0.6449, 0.6856, 0.6238, 0.6673, 0.6397], [0.6545, 0.6499, 0.6705, 0.6783, 0.5812, 0.6259, 0.6386, 0.5646, 0.6011, 0.6701, 0.657, 0.6811, 0.5961, 0.5945, 0.6939, 0.6836, 0.6715, 0.6833], [0.6056, 0.6315, 0.6675, 0.5916, 0.5785, 0.6141, 0.6525, 0.5714, 0.6348, 0.6587, 0.6219, 0.6091, 0.6224, 0.6447, 0.5847, 0.5629, 0.6358, 0.6399]]	
Results: 	20 Support Sets: (Mean:0.6524384438030222, SD:0.03205705198522722) | 	21 Support Sets: (Mean:0.645982134741124, SD:0.037827267379040214) | 	21 Support Sets: (Mean:0.6251517812118378, SD:0.02784780557894726) | 	
