Results: 	[[0.6063], [0.6673], [0.5938]]	
Results: 	[[0.6063, 0.6665], [0.6673, 0.6691], [0.5938, 0.6246]]	
Results: 	[[0.6063, 0.6665, 0.6692], [0.6673, 0.6691, 0.6553], [0.5938, 0.6246, 0.6379]]	
Results: 	[[0.6063, 0.6665, 0.6692, 0.6497], [0.6673, 0.6691, 0.6553, 0.6441], [0.5938, 0.6246, 0.6379, 0.6171]]	
Results: 	[[0.6063, 0.6665, 0.6692, 0.6497, 0.6581], [0.6673, 0.6691, 0.6553, 0.6441, 0.6308], [0.5938, 0.6246, 0.6379, 0.6171, 0.6459]]	
Results: 	[[0.6063, 0.6665, 0.6692, 0.6497, 0.6581, 0.6459], [0.6673, 0.6691, 0.6553, 0.6441, 0.6308, 0.6394], [0.5938, 0.6246, 0.6379, 0.6171, 0.6459, 0.6371]]	
Results: 	[[0.6063, 0.6665, 0.6692, 0.6497, 0.6581, 0.6459, 0.6502], [0.6673, 0.6691, 0.6553, 0.6441, 0.6308, 0.6394, 0.6595], [0.5938, 0.6246, 0.6379, 0.6171, 0.6459, 0.6371, 0.6198]]	
Results: 	[[0.6063, 0.6665, 0.6692, 0.6497, 0.6581, 0.6459, 0.6502, 0.6552], [0.6673, 0.6691, 0.6553, 0.6441, 0.6308, 0.6394, 0.6595, 0.6142], [0.5938, 0.6246, 0.6379, 0.6171, 0.6459, 0.6371, 0.6198, 0.6306]]	
Results: 	[[0.6063, 0.6665, 0.6692, 0.6497, 0.6581, 0.6459, 0.6502, 0.6552, 0.659], [0.6673, 0.6691, 0.6553, 0.6441, 0.6308, 0.6394, 0.6595, 0.6142, 0.674], [0.5938, 0.6246, 0.6379, 0.6171, 0.6459, 0.6371, 0.6198, 0.6306, 0.6357]]	
Results: 	[[0.6063, 0.6665, 0.6692, 0.6497, 0.6581, 0.6459, 0.6502, 0.6552, 0.659, 0.6304], [0.6673, 0.6691, 0.6553, 0.6441, 0.6308, 0.6394, 0.6595, 0.6142, 0.674, 0.6706], [0.5938, 0.6246, 0.6379, 0.6171, 0.6459, 0.6371, 0.6198, 0.6306, 0.6357, 0.6361]]	
Results: 	[[0.6063, 0.6665, 0.6692, 0.6497, 0.6581, 0.6459, 0.6502, 0.6552, 0.659, 0.6304, 0.6229], [0.6673, 0.6691, 0.6553, 0.6441, 0.6308, 0.6394, 0.6595, 0.6142, 0.674, 0.6706, 0.6742], [0.5938, 0.6246, 0.6379, 0.6171, 0.6459, 0.6371, 0.6198, 0.6306, 0.6357, 0.6361, 0.648]]	
Results: 	[[0.6063, 0.6665, 0.6692, 0.6497, 0.6581, 0.6459, 0.6502, 0.6552, 0.659, 0.6304, 0.6229, 0.6299], [0.6673, 0.6691, 0.6553, 0.6441, 0.6308, 0.6394, 0.6595, 0.6142, 0.674, 0.6706, 0.6742, 0.6633], [0.5938, 0.6246, 0.6379, 0.6171, 0.6459, 0.6371, 0.6198, 0.6306, 0.6357, 0.6361, 0.648, 0.6489]]	
Results: 	[[0.6063, 0.6665, 0.6692, 0.6497, 0.6581, 0.6459, 0.6502, 0.6552, 0.659, 0.6304, 0.6229, 0.6299, 0.6598], [0.6673, 0.6691, 0.6553, 0.6441, 0.6308, 0.6394, 0.6595, 0.6142, 0.674, 0.6706, 0.6742, 0.6633, 0.6721], [0.5938, 0.6246, 0.6379, 0.6171, 0.6459, 0.6371, 0.6198, 0.6306, 0.6357, 0.6361, 0.648, 0.6489, 0.6427]]	
Results: 	[[0.6063, 0.6665, 0.6692, 0.6497, 0.6581, 0.6459, 0.6502, 0.6552, 0.659, 0.6304, 0.6229, 0.6299, 0.6598, 0.6692], [0.6673, 0.6691, 0.6553, 0.6441, 0.6308, 0.6394, 0.6595, 0.6142, 0.674, 0.6706, 0.6742, 0.6633, 0.6721, 0.6154], [0.5938, 0.6246, 0.6379, 0.6171, 0.6459, 0.6371, 0.6198, 0.6306, 0.6357, 0.6361, 0.648, 0.6489, 0.6427, 0.6124]]	
Results: 	[[0.6063, 0.6665, 0.6692, 0.6497, 0.6581, 0.6459, 0.6502, 0.6552, 0.659, 0.6304, 0.6229, 0.6299, 0.6598, 0.6692, 0.658], [0.6673, 0.6691, 0.6553, 0.6441, 0.6308, 0.6394, 0.6595, 0.6142, 0.674, 0.6706, 0.6742, 0.6633, 0.6721, 0.6154, 0.6663], [0.5938, 0.6246, 0.6379, 0.6171, 0.6459, 0.6371, 0.6198, 0.6306, 0.6357, 0.6361, 0.648, 0.6489, 0.6427, 0.6124, 0.5997]]	
Results: 	[[0.6063, 0.6665, 0.6692, 0.6497, 0.6581, 0.6459, 0.6502, 0.6552, 0.659, 0.6304, 0.6229, 0.6299, 0.6598, 0.6692, 0.658, 0.6609], [0.6673, 0.6691, 0.6553, 0.6441, 0.6308, 0.6394, 0.6595, 0.6142, 0.674, 0.6706, 0.6742, 0.6633, 0.6721, 0.6154, 0.6663, 0.6702], [0.5938, 0.6246, 0.6379, 0.6171, 0.6459, 0.6371, 0.6198, 0.6306, 0.6357, 0.6361, 0.648, 0.6489, 0.6427, 0.6124, 0.5997, 0.6066]]	
Results: 	[[0.6063, 0.6665, 0.6692, 0.6497, 0.6581, 0.6459, 0.6502, 0.6552, 0.659, 0.6304, 0.6229, 0.6299, 0.6598, 0.6692, 0.658, 0.6609, 0.6638], [0.6673, 0.6691, 0.6553, 0.6441, 0.6308, 0.6394, 0.6595, 0.6142, 0.674, 0.6706, 0.6742, 0.6633, 0.6721, 0.6154, 0.6663, 0.6702, 0.6586], [0.5938, 0.6246, 0.6379, 0.6171, 0.6459, 0.6371, 0.6198, 0.6306, 0.6357, 0.6361, 0.648, 0.6489, 0.6427, 0.6124, 0.5997, 0.6066, 0.6481]]	
Results: 	[[0.6063, 0.6665, 0.6692, 0.6497, 0.6581, 0.6459, 0.6502, 0.6552, 0.659, 0.6304, 0.6229, 0.6299, 0.6598, 0.6692, 0.658, 0.6609, 0.6638, 0.6457], [0.6673, 0.6691, 0.6553, 0.6441, 0.6308, 0.6394, 0.6595, 0.6142, 0.674, 0.6706, 0.6742, 0.6633, 0.6721, 0.6154, 0.6663, 0.6702, 0.6586, 0.672], [0.5938, 0.6246, 0.6379, 0.6171, 0.6459, 0.6371, 0.6198, 0.6306, 0.6357, 0.6361, 0.648, 0.6489, 0.6427, 0.6124, 0.5997, 0.6066, 0.6481, 0.6255]]	
Results: 	[[0.6063, 0.6665, 0.6692, 0.6497, 0.6581, 0.6459, 0.6502, 0.6552, 0.659, 0.6304, 0.6229, 0.6299, 0.6598, 0.6692, 0.658, 0.6609, 0.6638, 0.6457, 0.6279], [0.6673, 0.6691, 0.6553, 0.6441, 0.6308, 0.6394, 0.6595, 0.6142, 0.674, 0.6706, 0.6742, 0.6633, 0.6721, 0.6154, 0.6663, 0.6702, 0.6586, 0.672, 0.6719], [0.5938, 0.6246, 0.6379, 0.6171, 0.6459, 0.6371, 0.6198, 0.6306, 0.6357, 0.6361, 0.648, 0.6489, 0.6427, 0.6124, 0.5997, 0.6066, 0.6481, 0.6255, 0.641]]	
Results: 	20 Support Sets: (Mean:0.649205, SD:0.017207999210893332) | 	20 Support Sets: (Mean:0.6574, SD:0.01883241885685428) | 	20 Support Sets: (Mean:0.6282800000000001, SD:0.016742872796317972) | 	
