Results: 	[[0.5672], [0.5484], [0.5358]]	
Results: 	[[0.5672, 0.573], [0.5484, 0.5492], [0.5358, 0.5336]]	
Results: 	[[0.5672, 0.573, 0.5757], [0.5484, 0.5492, 0.5487], [0.5358, 0.5336, 0.532]]	
Results: 	[[0.5672, 0.573, 0.5757, 0.5763], [0.5484, 0.5492, 0.5487, 0.5471], [0.5358, 0.5336, 0.532, 0.5324]]	
Results: 	[[0.5672, 0.573, 0.5757, 0.5763, 0.5654], [0.5484, 0.5492, 0.5487, 0.5471, 0.5451], [0.5358, 0.5336, 0.532, 0.5324, 0.5314]]	
Results: 	[[0.5672, 0.573, 0.5757, 0.5763, 0.5654, 0.5721], [0.5484, 0.5492, 0.5487, 0.5471, 0.5451, 0.5442], [0.5358, 0.5336, 0.532, 0.5324, 0.5314, 0.53]]	
Results: 	[[0.5672, 0.573, 0.5757, 0.5763, 0.5654, 0.5721, 0.564], [0.5484, 0.5492, 0.5487, 0.5471, 0.5451, 0.5442, 0.5476], [0.5358, 0.5336, 0.532, 0.5324, 0.5314, 0.53, 0.53]]	
Results: 	[[0.5672, 0.573, 0.5757, 0.5763, 0.5654, 0.5721, 0.564, 0.5763], [0.5484, 0.5492, 0.5487, 0.5471, 0.5451, 0.5442, 0.5476, 0.5466], [0.5358, 0.5336, 0.532, 0.5324, 0.5314, 0.53, 0.53, 0.5313]]	
Results: 	[[0.5672, 0.573, 0.5757, 0.5763, 0.5654, 0.5721, 0.564, 0.5763, 0.5607], [0.5484, 0.5492, 0.5487, 0.5471, 0.5451, 0.5442, 0.5476, 0.5466, 0.5484], [0.5358, 0.5336, 0.532, 0.5324, 0.5314, 0.53, 0.53, 0.5313, 0.5315]]	
Results: 	[[0.5672, 0.573, 0.5757, 0.5763, 0.5654, 0.5721, 0.564, 0.5763, 0.5607, 0.572], [0.5484, 0.5492, 0.5487, 0.5471, 0.5451, 0.5442, 0.5476, 0.5466, 0.5484, 0.5509], [0.5358, 0.5336, 0.532, 0.5324, 0.5314, 0.53, 0.53, 0.5313, 0.5315, 0.532]]	
Results: 	[[0.5672, 0.573, 0.5757, 0.5763, 0.5654, 0.5721, 0.564, 0.5763, 0.5607, 0.572, 0.5639], [0.5484, 0.5492, 0.5487, 0.5471, 0.5451, 0.5442, 0.5476, 0.5466, 0.5484, 0.5509, 0.5473], [0.5358, 0.5336, 0.532, 0.5324, 0.5314, 0.53, 0.53, 0.5313, 0.5315, 0.532, 0.5297]]	
Results: 	[[0.5672, 0.573, 0.5757, 0.5763, 0.5654, 0.5721, 0.564, 0.5763, 0.5607, 0.572, 0.5639, 0.5722], [0.5484, 0.5492, 0.5487, 0.5471, 0.5451, 0.5442, 0.5476, 0.5466, 0.5484, 0.5509, 0.5473, 0.5452], [0.5358, 0.5336, 0.532, 0.5324, 0.5314, 0.53, 0.53, 0.5313, 0.5315, 0.532, 0.5297, 0.5337]]	
Results: 	[[0.5672, 0.573, 0.5757, 0.5763, 0.5654, 0.5721, 0.564, 0.5763, 0.5607, 0.572, 0.5639, 0.5722, 0.5752], [0.5484, 0.5492, 0.5487, 0.5471, 0.5451, 0.5442, 0.5476, 0.5466, 0.5484, 0.5509, 0.5473, 0.5452, 0.5457], [0.5358, 0.5336, 0.532, 0.5324, 0.5314, 0.53, 0.53, 0.5313, 0.5315, 0.532, 0.5297, 0.5337, 0.5278]]	
Results: 	[[0.5672, 0.573, 0.5757, 0.5763, 0.5654, 0.5721, 0.564, 0.5763, 0.5607, 0.572, 0.5639, 0.5722, 0.5752, 0.5791], [0.5484, 0.5492, 0.5487, 0.5471, 0.5451, 0.5442, 0.5476, 0.5466, 0.5484, 0.5509, 0.5473, 0.5452, 0.5457, 0.5504], [0.5358, 0.5336, 0.532, 0.5324, 0.5314, 0.53, 0.53, 0.5313, 0.5315, 0.532, 0.5297, 0.5337, 0.5278, 0.5322]]	
Results: 	[[0.5672, 0.573, 0.5757, 0.5763, 0.5654, 0.5721, 0.564, 0.5763, 0.5607, 0.572, 0.5639, 0.5722, 0.5752, 0.5791, 0.5698], [0.5484, 0.5492, 0.5487, 0.5471, 0.5451, 0.5442, 0.5476, 0.5466, 0.5484, 0.5509, 0.5473, 0.5452, 0.5457, 0.5504, 0.5523], [0.5358, 0.5336, 0.532, 0.5324, 0.5314, 0.53, 0.53, 0.5313, 0.5315, 0.532, 0.5297, 0.5337, 0.5278, 0.5322, 0.5363]]	
Results: 	[[0.5672, 0.573, 0.5757, 0.5763, 0.5654, 0.5721, 0.564, 0.5763, 0.5607, 0.572, 0.5639, 0.5722, 0.5752, 0.5791, 0.5698, 0.5665], [0.5484, 0.5492, 0.5487, 0.5471, 0.5451, 0.5442, 0.5476, 0.5466, 0.5484, 0.5509, 0.5473, 0.5452, 0.5457, 0.5504, 0.5523, 0.5483], [0.5358, 0.5336, 0.532, 0.5324, 0.5314, 0.53, 0.53, 0.5313, 0.5315, 0.532, 0.5297, 0.5337, 0.5278, 0.5322, 0.5363, 0.5397]]	
Results: 	[[0.5672, 0.573, 0.5757, 0.5763, 0.5654, 0.5721, 0.564, 0.5763, 0.5607, 0.572, 0.5639, 0.5722, 0.5752, 0.5791, 0.5698, 0.5665, 0.5646], [0.5484, 0.5492, 0.5487, 0.5471, 0.5451, 0.5442, 0.5476, 0.5466, 0.5484, 0.5509, 0.5473, 0.5452, 0.5457, 0.5504, 0.5523, 0.5483, 0.5499], [0.5358, 0.5336, 0.532, 0.5324, 0.5314, 0.53, 0.53, 0.5313, 0.5315, 0.532, 0.5297, 0.5337, 0.5278, 0.5322, 0.5363, 0.5397, 0.5323]]	
Results: 	[[0.5672, 0.573, 0.5757, 0.5763, 0.5654, 0.5721, 0.564, 0.5763, 0.5607, 0.572, 0.5639, 0.5722, 0.5752, 0.5791, 0.5698, 0.5665, 0.5646, 0.5724], [0.5484, 0.5492, 0.5487, 0.5471, 0.5451, 0.5442, 0.5476, 0.5466, 0.5484, 0.5509, 0.5473, 0.5452, 0.5457, 0.5504, 0.5523, 0.5483, 0.5499, 0.5458], [0.5358, 0.5336, 0.532, 0.5324, 0.5314, 0.53, 0.53, 0.5313, 0.5315, 0.532, 0.5297, 0.5337, 0.5278, 0.5322, 0.5363, 0.5397, 0.5323, 0.5313]]	
Results: 	[[0.5672, 0.573, 0.5757, 0.5763, 0.5654, 0.5721, 0.564, 0.5763, 0.5607, 0.572, 0.5639, 0.5722, 0.5752, 0.5791, 0.5698, 0.5665, 0.5646, 0.5724, 0.564], [0.5484, 0.5492, 0.5487, 0.5471, 0.5451, 0.5442, 0.5476, 0.5466, 0.5484, 0.5509, 0.5473, 0.5452, 0.5457, 0.5504, 0.5523, 0.5483, 0.5499, 0.5458, 0.5452], [0.5358, 0.5336, 0.532, 0.5324, 0.5314, 0.53, 0.53, 0.5313, 0.5315, 0.532, 0.5297, 0.5337, 0.5278, 0.5322, 0.5363, 0.5397, 0.5323, 0.5313, 0.5317]]	
Results: 	20 Support Sets: (Mean:0.570465, SD:0.005576102675940578) | 	20 Support Sets: (Mean:0.54756, SD:0.0022528111094223644) | 	20 Support Sets: (Mean:0.53273, SD:0.0030977241221325866) | 	
