Results: 	[[0.638], [0.6104], [0.6092]]	
Results: 	[[0.638, 0.6555], [0.6104, 0.6603], [0.6092, 0.6281]]	
Results: 	[[0.638, 0.6555, 0.656, 0.6623], [0.6104, 0.6603, 0.6407, 0.6501], [0.6092, 0.6281, 0.624, 0.612]]	
Results: 	[[0.638, 0.6555, 0.656, 0.6623, 0.6644], [0.6104, 0.6603, 0.6407, 0.6501, 0.6762], [0.6092, 0.6281, 0.624, 0.612, 0.6434]]	
Results: 	[[0.638, 0.6555, 0.656, 0.6623, 0.6644, 0.6549], [0.6104, 0.6603, 0.6407, 0.6501, 0.6762, 0.6654], [0.6092, 0.6281, 0.624, 0.612, 0.6434, 0.6444]]	
Results: 	[[0.638, 0.6555, 0.656, 0.6623, 0.6644, 0.6549, 0.6565], [0.6104, 0.6603, 0.6407, 0.6501, 0.6762, 0.6654, 0.5669], [0.6092, 0.6281, 0.624, 0.612, 0.6434, 0.6444, 0.6527]]	
Results: 	[[0.638, 0.6555, 0.656, 0.6623, 0.6644, 0.6549, 0.6565, 0.6603], [0.6104, 0.6603, 0.6407, 0.6501, 0.6762, 0.6654, 0.5669, 0.6676], [0.6092, 0.6281, 0.624, 0.612, 0.6434, 0.6444, 0.6527, 0.6501]]	
Results: 	[[0.638, 0.6555, 0.656, 0.6623, 0.6644, 0.6549, 0.6565, 0.6603, 0.6637], [0.6104, 0.6603, 0.6407, 0.6501, 0.6762, 0.6654, 0.5669, 0.6676, 0.6495], [0.6092, 0.6281, 0.624, 0.612, 0.6434, 0.6444, 0.6527, 0.6501, 0.6569]]	
Results: 	[[0.638, 0.6555, 0.656, 0.6623, 0.6644, 0.6549, 0.6565, 0.6603, 0.6637, 0.5805], [0.6104, 0.6603, 0.6407, 0.6501, 0.6762, 0.6654, 0.5669, 0.6676, 0.6495, 0.5713], [0.6092, 0.6281, 0.624, 0.612, 0.6434, 0.6444, 0.6527, 0.6501, 0.6569, 0.5578]]	
Results: 	[[0.638, 0.6555, 0.656, 0.6623, 0.6644, 0.6549, 0.6565, 0.6603, 0.6637, 0.5805, 0.6296], [0.6104, 0.6603, 0.6407, 0.6501, 0.6762, 0.6654, 0.5669, 0.6676, 0.6495, 0.5713, 0.5851], [0.6092, 0.6281, 0.624, 0.612, 0.6434, 0.6444, 0.6527, 0.6501, 0.6569, 0.5578, 0.5842]]	
Results: 	[[0.638, 0.6555, 0.656, 0.6623, 0.6644, 0.6549, 0.6565, 0.6603, 0.6637, 0.5805, 0.6296, 0.6022], [0.6104, 0.6603, 0.6407, 0.6501, 0.6762, 0.6654, 0.5669, 0.6676, 0.6495, 0.5713, 0.5851, 0.6556], [0.6092, 0.6281, 0.624, 0.612, 0.6434, 0.6444, 0.6527, 0.6501, 0.6569, 0.5578, 0.5842, 0.5901]]	
Results: 	[[0.638, 0.6555, 0.656, 0.6623, 0.6644, 0.6549, 0.6565, 0.6603, 0.6637, 0.5805, 0.6296, 0.6022, 0.669], [0.6104, 0.6603, 0.6407, 0.6501, 0.6762, 0.6654, 0.5669, 0.6676, 0.6495, 0.5713, 0.5851, 0.6556, 0.6757], [0.6092, 0.6281, 0.624, 0.612, 0.6434, 0.6444, 0.6527, 0.6501, 0.6569, 0.5578, 0.5842, 0.5901, 0.5656]]	
Results: 	[[0.638, 0.6555, 0.656, 0.6623, 0.6644, 0.6549, 0.6565, 0.6603, 0.6637, 0.5805, 0.6296, 0.6022, 0.669, 0.6421], [0.6104, 0.6603, 0.6407, 0.6501, 0.6762, 0.6654, 0.5669, 0.6676, 0.6495, 0.5713, 0.5851, 0.6556, 0.6757, 0.6183], [0.6092, 0.6281, 0.624, 0.612, 0.6434, 0.6444, 0.6527, 0.6501, 0.6569, 0.5578, 0.5842, 0.5901, 0.5656, 0.6478]]	
Results: 	[[0.638, 0.6555, 0.656, 0.6623, 0.6644, 0.6549, 0.6565, 0.6603, 0.6637, 0.5805, 0.6296, 0.6022, 0.669, 0.6421, 0.6528], [0.6104, 0.6603, 0.6407, 0.6501, 0.6762, 0.6654, 0.5669, 0.6676, 0.6495, 0.5713, 0.5851, 0.6556, 0.6757, 0.6183, 0.5586], [0.6092, 0.6281, 0.624, 0.612, 0.6434, 0.6444, 0.6527, 0.6501, 0.6569, 0.5578, 0.5842, 0.5901, 0.5656, 0.6478, 0.57]]	
Results: 	[[0.638, 0.6555, 0.656, 0.6623, 0.6644, 0.6549, 0.6565, 0.6603, 0.6637, 0.5805, 0.6296, 0.6022, 0.669, 0.6421, 0.6528, 0.6113], [0.6104, 0.6603, 0.6407, 0.6501, 0.6762, 0.6654, 0.5669, 0.6676, 0.6495, 0.5713, 0.5851, 0.6556, 0.6757, 0.6183, 0.5586, 0.6702], [0.6092, 0.6281, 0.624, 0.612, 0.6434, 0.6444, 0.6527, 0.6501, 0.6569, 0.5578, 0.5842, 0.5901, 0.5656, 0.6478, 0.57, 0.6485]]	
Results: 	[[0.638, 0.6555, 0.656, 0.6623, 0.6644, 0.6549, 0.6565, 0.6603, 0.6637, 0.5805, 0.6296, 0.6022, 0.669, 0.6421, 0.6528, 0.6113, 0.5994], [0.6104, 0.6603, 0.6407, 0.6501, 0.6762, 0.6654, 0.5669, 0.6676, 0.6495, 0.5713, 0.5851, 0.6556, 0.6757, 0.6183, 0.5586, 0.6702, 0.6105], [0.6092, 0.6281, 0.624, 0.612, 0.6434, 0.6444, 0.6527, 0.6501, 0.6569, 0.5578, 0.5842, 0.5901, 0.5656, 0.6478, 0.57, 0.6485, 0.6326]]	
Results: 	[[0.638, 0.6555, 0.656, 0.6623, 0.6644, 0.6549, 0.6565, 0.6603, 0.6637, 0.5805, 0.6296, 0.6022, 0.669, 0.6421, 0.6528, 0.6113, 0.5994, 0.6577], [0.6104, 0.6603, 0.6407, 0.6501, 0.6762, 0.6654, 0.5669, 0.6676, 0.6495, 0.5713, 0.5851, 0.6556, 0.6757, 0.6183, 0.5586, 0.6702, 0.6105, 0.6456], [0.6092, 0.6281, 0.624, 0.612, 0.6434, 0.6444, 0.6527, 0.6501, 0.6569, 0.5578, 0.5842, 0.5901, 0.5656, 0.6478, 0.57, 0.6485, 0.6326, 0.5561]]	
Results: 	[[0.638, 0.6555, 0.656, 0.6623, 0.6644, 0.6549, 0.6565, 0.6603, 0.6637, 0.5805, 0.6296, 0.6022, 0.669, 0.6421, 0.6528, 0.6113, 0.5994, 0.6577, 0.6356], [0.6104, 0.6603, 0.6407, 0.6501, 0.6762, 0.6654, 0.5669, 0.6676, 0.6495, 0.5713, 0.5851, 0.6556, 0.6757, 0.6183, 0.5586, 0.6702, 0.6105, 0.6456, 0.6637], [0.6092, 0.6281, 0.624, 0.612, 0.6434, 0.6444, 0.6527, 0.6501, 0.6569, 0.5578, 0.5842, 0.5901, 0.5656, 0.6478, 0.57, 0.6485, 0.6326, 0.5561, 0.6363]]	
Results: 	20 Support Sets: (Max:0.669, Mean:0.641935, SD:0.025052435011391604) | 	20 Support Sets: (Max:0.6762, Mean:0.6355999999999999, SD:0.0389308428667527) | 	20 Support Sets: (Max:0.6569, Mean:0.61753, SD:0.03452634539472415) | 	
