Results: 	[[0.7582], [0.7757], [0.7235]]	
Results: 	[[0.7582, 0.7607], [0.7757, 0.7757], [0.7235, 0.7288]]	
Results: 	[[0.7582, 0.7607, 0.7645], [0.7757, 0.7757, 0.7718], [0.7235, 0.7288, 0.7276]]	
Results: 	[[0.7582, 0.7607, 0.7645, 0.7666], [0.7757, 0.7757, 0.7718, 0.7755], [0.7235, 0.7288, 0.7276, 0.7296]]	
Results: 	[[0.7582, 0.7607, 0.7645, 0.7666, 0.7668], [0.7757, 0.7757, 0.7718, 0.7755, 0.774], [0.7235, 0.7288, 0.7276, 0.7296, 0.7228]]	
Results: 	[[0.7582, 0.7607, 0.7645, 0.7666, 0.7668, 0.767], [0.7757, 0.7757, 0.7718, 0.7755, 0.774, 0.7817], [0.7235, 0.7288, 0.7276, 0.7296, 0.7228, 0.7195]]	
Results: 	[[0.7582, 0.7607, 0.7645, 0.7666, 0.7668, 0.767, 0.7602], [0.7757, 0.7757, 0.7718, 0.7755, 0.774, 0.7817, 0.7723], [0.7235, 0.7288, 0.7276, 0.7296, 0.7228, 0.7195, 0.7251]]	
Results: 	[[0.7582, 0.7607, 0.7645, 0.7666, 0.7668, 0.767, 0.7602, 0.7636], [0.7757, 0.7757, 0.7718, 0.7755, 0.774, 0.7817, 0.7723, 0.7703], [0.7235, 0.7288, 0.7276, 0.7296, 0.7228, 0.7195, 0.7251, 0.7206]]	
Results: 	[[0.7582, 0.7607, 0.7645, 0.7666, 0.7668, 0.767, 0.7602, 0.7636, 0.7592], [0.7757, 0.7757, 0.7718, 0.7755, 0.774, 0.7817, 0.7723, 0.7703, 0.7782], [0.7235, 0.7288, 0.7276, 0.7296, 0.7228, 0.7195, 0.7251, 0.7206, 0.7349]]	
Results: 	[[0.7582, 0.7607, 0.7645, 0.7666, 0.7668, 0.767, 0.7602, 0.7636, 0.7592, 0.7686, 0.7613], [0.7757, 0.7757, 0.7718, 0.7755, 0.774, 0.7817, 0.7723, 0.7703, 0.7782, 0.7783, 0.7753], [0.7235, 0.7288, 0.7276, 0.7296, 0.7228, 0.7195, 0.7251, 0.7206, 0.7349, 0.7432, 0.7251]]	
Results: 	[[0.7582, 0.7607, 0.7645, 0.7666, 0.7668, 0.767, 0.7602, 0.7636, 0.7592, 0.7686, 0.7613, 0.7573], [0.7757, 0.7757, 0.7718, 0.7755, 0.774, 0.7817, 0.7723, 0.7703, 0.7782, 0.7783, 0.7753, 0.7833], [0.7235, 0.7288, 0.7276, 0.7296, 0.7228, 0.7195, 0.7251, 0.7206, 0.7349, 0.7432, 0.7251, 0.7316]]	
Results: 	[[0.7582, 0.7607, 0.7645, 0.7666, 0.7668, 0.767, 0.7602, 0.7636, 0.7592, 0.7686, 0.7613, 0.7573, 0.7581], [0.7757, 0.7757, 0.7718, 0.7755, 0.774, 0.7817, 0.7723, 0.7703, 0.7782, 0.7783, 0.7753, 0.7833, 0.7798], [0.7235, 0.7288, 0.7276, 0.7296, 0.7228, 0.7195, 0.7251, 0.7206, 0.7349, 0.7432, 0.7251, 0.7316, 0.7333]]	
Results: 	[[0.7582, 0.7607, 0.7645, 0.7666, 0.7668, 0.767, 0.7602, 0.7636, 0.7592, 0.7686, 0.7613, 0.7573, 0.7581, 0.7695], [0.7757, 0.7757, 0.7718, 0.7755, 0.774, 0.7817, 0.7723, 0.7703, 0.7782, 0.7783, 0.7753, 0.7833, 0.7798, 0.7794], [0.7235, 0.7288, 0.7276, 0.7296, 0.7228, 0.7195, 0.7251, 0.7206, 0.7349, 0.7432, 0.7251, 0.7316, 0.7333, 0.7228]]	
Results: 	[[0.7582, 0.7607, 0.7645, 0.7666, 0.7668, 0.767, 0.7602, 0.7636, 0.7592, 0.7686, 0.7613, 0.7573, 0.7581, 0.7695, 0.7733], [0.7757, 0.7757, 0.7718, 0.7755, 0.774, 0.7817, 0.7723, 0.7703, 0.7782, 0.7783, 0.7753, 0.7833, 0.7798, 0.7794, 0.7743], [0.7235, 0.7288, 0.7276, 0.7296, 0.7228, 0.7195, 0.7251, 0.7206, 0.7349, 0.7432, 0.7251, 0.7316, 0.7333, 0.7228, 0.72]]	
Results: 	[[0.7582, 0.7607, 0.7645, 0.7666, 0.7668, 0.767, 0.7602, 0.7636, 0.7592, 0.7686, 0.7613, 0.7573, 0.7581, 0.7695, 0.7733, 0.7636], [0.7757, 0.7757, 0.7718, 0.7755, 0.774, 0.7817, 0.7723, 0.7703, 0.7782, 0.7783, 0.7753, 0.7833, 0.7798, 0.7794, 0.7743, 0.7733], [0.7235, 0.7288, 0.7276, 0.7296, 0.7228, 0.7195, 0.7251, 0.7206, 0.7349, 0.7432, 0.7251, 0.7316, 0.7333, 0.7228, 0.72, 0.7206]]	
Results: 	[[0.7582, 0.7607, 0.7645, 0.7666, 0.7668, 0.767, 0.7602, 0.7636, 0.7592, 0.7686, 0.7613, 0.7573, 0.7581, 0.7695, 0.7733, 0.7636, 0.7584], [0.7757, 0.7757, 0.7718, 0.7755, 0.774, 0.7817, 0.7723, 0.7703, 0.7782, 0.7783, 0.7753, 0.7833, 0.7798, 0.7794, 0.7743, 0.7733, 0.7742], [0.7235, 0.7288, 0.7276, 0.7296, 0.7228, 0.7195, 0.7251, 0.7206, 0.7349, 0.7432, 0.7251, 0.7316, 0.7333, 0.7228, 0.72, 0.7206, 0.7291]]	
Results: 	[[0.7582, 0.7607, 0.7645, 0.7666, 0.7668, 0.767, 0.7602, 0.7636, 0.7592, 0.7686, 0.7613, 0.7573, 0.7581, 0.7695, 0.7733, 0.7636, 0.7584, 0.7628], [0.7757, 0.7757, 0.7718, 0.7755, 0.774, 0.7817, 0.7723, 0.7703, 0.7782, 0.7783, 0.7753, 0.7833, 0.7798, 0.7794, 0.7743, 0.7733, 0.7742, 0.7749], [0.7235, 0.7288, 0.7276, 0.7296, 0.7228, 0.7195, 0.7251, 0.7206, 0.7349, 0.7432, 0.7251, 0.7316, 0.7333, 0.7228, 0.72, 0.7206, 0.7291, 0.7215]]	
Results: 	[[0.7582, 0.7607, 0.7645, 0.7666, 0.7668, 0.767, 0.7602, 0.7636, 0.7592, 0.7686, 0.7613, 0.7573, 0.7581, 0.7695, 0.7733, 0.7636, 0.7584, 0.7628, 0.772], [0.7757, 0.7757, 0.7718, 0.7755, 0.774, 0.7817, 0.7723, 0.7703, 0.7782, 0.7783, 0.7753, 0.7833, 0.7798, 0.7794, 0.7743, 0.7733, 0.7742, 0.7749, 0.7739], [0.7235, 0.7288, 0.7276, 0.7296, 0.7228, 0.7195, 0.7251, 0.7206, 0.7349, 0.7432, 0.7251, 0.7316, 0.7333, 0.7228, 0.72, 0.7206, 0.7291, 0.7215, 0.7273]]	
Results: 	20 Support Sets: (Mean:0.76369, SD:0.004754820268892788) | 	20 Support Sets: (Mean:0.77597, SD:0.0033397289521283277) | 	20 Support Sets: (Mean:0.726735, SD:0.005946982870595625) | 	
