Results: 	[[0.7027], [0.6892], [0.7105], [0.7074], [0.6718], [0.7205]]	
Results: 	[[0.7027, 0.709], [0.6892, 0.7019], [0.7105, 0.7093], [0.7074, 0.7117], [0.6718, 0.6775], [0.7205, 0.7163]]	
Results: 	[[0.7027, 0.709, 0.7096], [0.6892, 0.7019, 0.7096], [0.7105, 0.7093, 0.7029], [0.7074, 0.7117, 0.7243], [0.6718, 0.6775, 0.6645], [0.7205, 0.7163, 0.7114]]	
Results: 	[[0.7027, 0.709, 0.7096, 0.6946], [0.6892, 0.7019, 0.7096, 0.7049], [0.7105, 0.7093, 0.7029, 0.7093], [0.7074, 0.7117, 0.7243, 0.7077], [0.6718, 0.6775, 0.6645, 0.659], [0.7205, 0.7163, 0.7114, 0.7253]]	
Results: 	[[0.7027, 0.709, 0.7096, 0.6946, 0.7047], [0.6892, 0.7019, 0.7096, 0.7049, 0.7021], [0.7105, 0.7093, 0.7029, 0.7093, 0.7121], [0.7074, 0.7117, 0.7243, 0.7077, 0.7151], [0.6718, 0.6775, 0.6645, 0.659, 0.6727], [0.7205, 0.7163, 0.7114, 0.7253, 0.711]]	
Results: 	[[0.7027, 0.709, 0.7096, 0.6946, 0.7047, 0.7063], [0.6892, 0.7019, 0.7096, 0.7049, 0.7021, 0.7094], [0.7105, 0.7093, 0.7029, 0.7093, 0.7121, 0.7119], [0.7074, 0.7117, 0.7243, 0.7077, 0.7151, 0.7132], [0.6718, 0.6775, 0.6645, 0.659, 0.6727, 0.6746], [0.7205, 0.7163, 0.7114, 0.7253, 0.711, 0.7182]]	
Results: 	[[0.7027, 0.709, 0.7096, 0.6946, 0.7047, 0.7063, 0.7027], [0.6892, 0.7019, 0.7096, 0.7049, 0.7021, 0.7094, 0.7129], [0.7105, 0.7093, 0.7029, 0.7093, 0.7121, 0.7119, 0.7084], [0.7074, 0.7117, 0.7243, 0.7077, 0.7151, 0.7132, 0.7042], [0.6718, 0.6775, 0.6645, 0.659, 0.6727, 0.6746, 0.6822], [0.7205, 0.7163, 0.7114, 0.7253, 0.711, 0.7182, 0.7245]]	
Results: 	[[0.7027, 0.709, 0.7096, 0.6946, 0.7047, 0.7063, 0.7027, 0.7089], [0.6892, 0.7019, 0.7096, 0.7049, 0.7021, 0.7094, 0.7129, 0.727], [0.7105, 0.7093, 0.7029, 0.7093, 0.7121, 0.7119, 0.7084, 0.7099], [0.7074, 0.7117, 0.7243, 0.7077, 0.7151, 0.7132, 0.7042, 0.7229], [0.6718, 0.6775, 0.6645, 0.659, 0.6727, 0.6746, 0.6822, 0.681], [0.7205, 0.7163, 0.7114, 0.7253, 0.711, 0.7182, 0.7245, 0.7165]]	
Results: 	[[0.7027, 0.709, 0.7096, 0.6946, 0.7047, 0.7063, 0.7027, 0.7089, 0.7037], [0.6892, 0.7019, 0.7096, 0.7049, 0.7021, 0.7094, 0.7129, 0.727, 0.7085], [0.7105, 0.7093, 0.7029, 0.7093, 0.7121, 0.7119, 0.7084, 0.7099, 0.7024], [0.7074, 0.7117, 0.7243, 0.7077, 0.7151, 0.7132, 0.7042, 0.7229, 0.7144], [0.6718, 0.6775, 0.6645, 0.659, 0.6727, 0.6746, 0.6822, 0.681, 0.6842], [0.7205, 0.7163, 0.7114, 0.7253, 0.711, 0.7182, 0.7245, 0.7165, 0.7211]]	
Results: 	[[0.7027, 0.709, 0.7096, 0.6946, 0.7047, 0.7063, 0.7027, 0.7089, 0.7037, 0.7051], [0.6892, 0.7019, 0.7096, 0.7049, 0.7021, 0.7094, 0.7129, 0.727, 0.7085, 0.7013], [0.7105, 0.7093, 0.7029, 0.7093, 0.7121, 0.7119, 0.7084, 0.7099, 0.7024, 0.7075], [0.7074, 0.7117, 0.7243, 0.7077, 0.7151, 0.7132, 0.7042, 0.7229, 0.7144, 0.7147], [0.6718, 0.6775, 0.6645, 0.659, 0.6727, 0.6746, 0.6822, 0.681, 0.6842, 0.6764], [0.7205, 0.7163, 0.7114, 0.7253, 0.711, 0.7182, 0.7245, 0.7165, 0.7211, 0.7163]]	
Results: 	[[0.7027, 0.709, 0.7096, 0.6946, 0.7047, 0.7063, 0.7027, 0.7089, 0.7037, 0.7051, 0.7144], [0.6892, 0.7019, 0.7096, 0.7049, 0.7021, 0.7094, 0.7129, 0.727, 0.7085, 0.7013, 0.7108], [0.7105, 0.7093, 0.7029, 0.7093, 0.7121, 0.7119, 0.7084, 0.7099, 0.7024, 0.7075, 0.7117], [0.7074, 0.7117, 0.7243, 0.7077, 0.7151, 0.7132, 0.7042, 0.7229, 0.7144, 0.7147, 0.7175], [0.6718, 0.6775, 0.6645, 0.659, 0.6727, 0.6746, 0.6822, 0.681, 0.6842, 0.6764, 0.6766], [0.7205, 0.7163, 0.7114, 0.7253, 0.711, 0.7182, 0.7245, 0.7165, 0.7211, 0.7163, 0.7236]]	
Results: 	[[0.7027, 0.709, 0.7096, 0.6946, 0.7047, 0.7063, 0.7027, 0.7089, 0.7037, 0.7051, 0.7144, 0.709], [0.6892, 0.7019, 0.7096, 0.7049, 0.7021, 0.7094, 0.7129, 0.727, 0.7085, 0.7013, 0.7108, 0.6977], [0.7105, 0.7093, 0.7029, 0.7093, 0.7121, 0.7119, 0.7084, 0.7099, 0.7024, 0.7075, 0.7117, 0.7096], [0.7074, 0.7117, 0.7243, 0.7077, 0.7151, 0.7132, 0.7042, 0.7229, 0.7144, 0.7147, 0.7175, 0.7086], [0.6718, 0.6775, 0.6645, 0.659, 0.6727, 0.6746, 0.6822, 0.681, 0.6842, 0.6764, 0.6766, 0.6734], [0.7205, 0.7163, 0.7114, 0.7253, 0.711, 0.7182, 0.7245, 0.7165, 0.7211, 0.7163, 0.7236, 0.7209]]	
Results: 	[[0.7027, 0.709, 0.7096, 0.6946, 0.7047, 0.7063, 0.7027, 0.7089, 0.7037, 0.7051, 0.7144, 0.709, 0.7069], [0.6892, 0.7019, 0.7096, 0.7049, 0.7021, 0.7094, 0.7129, 0.727, 0.7085, 0.7013, 0.7108, 0.6977, 0.7057], [0.7105, 0.7093, 0.7029, 0.7093, 0.7121, 0.7119, 0.7084, 0.7099, 0.7024, 0.7075, 0.7117, 0.7096, 0.7091], [0.7074, 0.7117, 0.7243, 0.7077, 0.7151, 0.7132, 0.7042, 0.7229, 0.7144, 0.7147, 0.7175, 0.7086, 0.7092], [0.6718, 0.6775, 0.6645, 0.659, 0.6727, 0.6746, 0.6822, 0.681, 0.6842, 0.6764, 0.6766, 0.6734, 0.6779], [0.7205, 0.7163, 0.7114, 0.7253, 0.711, 0.7182, 0.7245, 0.7165, 0.7211, 0.7163, 0.7236, 0.7209, 0.7061]]	
Results: 	[[0.7027, 0.709, 0.7096, 0.6946, 0.7047, 0.7063, 0.7027, 0.7089, 0.7037, 0.7051, 0.7144, 0.709, 0.7069, 0.7102], [0.6892, 0.7019, 0.7096, 0.7049, 0.7021, 0.7094, 0.7129, 0.727, 0.7085, 0.7013, 0.7108, 0.6977, 0.7057, 0.7093], [0.7105, 0.7093, 0.7029, 0.7093, 0.7121, 0.7119, 0.7084, 0.7099, 0.7024, 0.7075, 0.7117, 0.7096, 0.7091, 0.7163], [0.7074, 0.7117, 0.7243, 0.7077, 0.7151, 0.7132, 0.7042, 0.7229, 0.7144, 0.7147, 0.7175, 0.7086, 0.7092, 0.7187], [0.6718, 0.6775, 0.6645, 0.659, 0.6727, 0.6746, 0.6822, 0.681, 0.6842, 0.6764, 0.6766, 0.6734, 0.6779, 0.6774], [0.7205, 0.7163, 0.7114, 0.7253, 0.711, 0.7182, 0.7245, 0.7165, 0.7211, 0.7163, 0.7236, 0.7209, 0.7061, 0.7191]]	
Results: 	[[0.7027, 0.709, 0.7096, 0.6946, 0.7047, 0.7063, 0.7027, 0.7089, 0.7037, 0.7051, 0.7144, 0.709, 0.7069, 0.7102, 0.7], [0.6892, 0.7019, 0.7096, 0.7049, 0.7021, 0.7094, 0.7129, 0.727, 0.7085, 0.7013, 0.7108, 0.6977, 0.7057, 0.7093, 0.7164], [0.7105, 0.7093, 0.7029, 0.7093, 0.7121, 0.7119, 0.7084, 0.7099, 0.7024, 0.7075, 0.7117, 0.7096, 0.7091, 0.7163, 0.7187], [0.7074, 0.7117, 0.7243, 0.7077, 0.7151, 0.7132, 0.7042, 0.7229, 0.7144, 0.7147, 0.7175, 0.7086, 0.7092, 0.7187, 0.7104], [0.6718, 0.6775, 0.6645, 0.659, 0.6727, 0.6746, 0.6822, 0.681, 0.6842, 0.6764, 0.6766, 0.6734, 0.6779, 0.6774, 0.6837], [0.7205, 0.7163, 0.7114, 0.7253, 0.711, 0.7182, 0.7245, 0.7165, 0.7211, 0.7163, 0.7236, 0.7209, 0.7061, 0.7191, 0.7261]]	
Results: 	[[0.7027, 0.709, 0.7096, 0.6946, 0.7047, 0.7063, 0.7027, 0.7089, 0.7037, 0.7051, 0.7144, 0.709, 0.7069, 0.7102, 0.7, 0.7047], [0.6892, 0.7019, 0.7096, 0.7049, 0.7021, 0.7094, 0.7129, 0.727, 0.7085, 0.7013, 0.7108, 0.6977, 0.7057, 0.7093, 0.7164, 0.7072], [0.7105, 0.7093, 0.7029, 0.7093, 0.7121, 0.7119, 0.7084, 0.7099, 0.7024, 0.7075, 0.7117, 0.7096, 0.7091, 0.7163, 0.7187, 0.7179], [0.7074, 0.7117, 0.7243, 0.7077, 0.7151, 0.7132, 0.7042, 0.7229, 0.7144, 0.7147, 0.7175, 0.7086, 0.7092, 0.7187, 0.7104, 0.7158], [0.6718, 0.6775, 0.6645, 0.659, 0.6727, 0.6746, 0.6822, 0.681, 0.6842, 0.6764, 0.6766, 0.6734, 0.6779, 0.6774, 0.6837, 0.6738], [0.7205, 0.7163, 0.7114, 0.7253, 0.711, 0.7182, 0.7245, 0.7165, 0.7211, 0.7163, 0.7236, 0.7209, 0.7061, 0.7191, 0.7261, 0.7194]]	
Results: 	[[0.7027, 0.709, 0.7096, 0.6946, 0.7047, 0.7063, 0.7027, 0.7089, 0.7037, 0.7051, 0.7144, 0.709, 0.7069, 0.7102, 0.7, 0.7047, 0.7048], [0.6892, 0.7019, 0.7096, 0.7049, 0.7021, 0.7094, 0.7129, 0.727, 0.7085, 0.7013, 0.7108, 0.6977, 0.7057, 0.7093, 0.7164, 0.7072, 0.7054], [0.7105, 0.7093, 0.7029, 0.7093, 0.7121, 0.7119, 0.7084, 0.7099, 0.7024, 0.7075, 0.7117, 0.7096, 0.7091, 0.7163, 0.7187, 0.7179, 0.706], [0.7074, 0.7117, 0.7243, 0.7077, 0.7151, 0.7132, 0.7042, 0.7229, 0.7144, 0.7147, 0.7175, 0.7086, 0.7092, 0.7187, 0.7104, 0.7158, 0.7047], [0.6718, 0.6775, 0.6645, 0.659, 0.6727, 0.6746, 0.6822, 0.681, 0.6842, 0.6764, 0.6766, 0.6734, 0.6779, 0.6774, 0.6837, 0.6738, 0.6722], [0.7205, 0.7163, 0.7114, 0.7253, 0.711, 0.7182, 0.7245, 0.7165, 0.7211, 0.7163, 0.7236, 0.7209, 0.7061, 0.7191, 0.7261, 0.7194, 0.7298]]	
Results: 	[[0.7027, 0.709, 0.7096, 0.6946, 0.7047, 0.7063, 0.7027, 0.7089, 0.7037, 0.7051, 0.7144, 0.709, 0.7069, 0.7102, 0.7, 0.7047, 0.7048, 0.6993], [0.6892, 0.7019, 0.7096, 0.7049, 0.7021, 0.7094, 0.7129, 0.727, 0.7085, 0.7013, 0.7108, 0.6977, 0.7057, 0.7093, 0.7164, 0.7072, 0.7054, 0.7209], [0.7105, 0.7093, 0.7029, 0.7093, 0.7121, 0.7119, 0.7084, 0.7099, 0.7024, 0.7075, 0.7117, 0.7096, 0.7091, 0.7163, 0.7187, 0.7179, 0.706, 0.7081], [0.7074, 0.7117, 0.7243, 0.7077, 0.7151, 0.7132, 0.7042, 0.7229, 0.7144, 0.7147, 0.7175, 0.7086, 0.7092, 0.7187, 0.7104, 0.7158, 0.7047, 0.7182], [0.6718, 0.6775, 0.6645, 0.659, 0.6727, 0.6746, 0.6822, 0.681, 0.6842, 0.6764, 0.6766, 0.6734, 0.6779, 0.6774, 0.6837, 0.6738, 0.6722, 0.6696], [0.7205, 0.7163, 0.7114, 0.7253, 0.711, 0.7182, 0.7245, 0.7165, 0.7211, 0.7163, 0.7236, 0.7209, 0.7061, 0.7191, 0.7261, 0.7194, 0.7298, 0.7255]]	
Results: 	[[0.7027, 0.709, 0.7096, 0.6946, 0.7047, 0.7063, 0.7027, 0.7089, 0.7037, 0.7051, 0.7144, 0.709, 0.7069, 0.7102, 0.7, 0.7047, 0.7048, 0.6993, 0.7057], [0.6892, 0.7019, 0.7096, 0.7049, 0.7021, 0.7094, 0.7129, 0.727, 0.7085, 0.7013, 0.7108, 0.6977, 0.7057, 0.7093, 0.7164, 0.7072, 0.7054, 0.7209, 0.7079], [0.7105, 0.7093, 0.7029, 0.7093, 0.7121, 0.7119, 0.7084, 0.7099, 0.7024, 0.7075, 0.7117, 0.7096, 0.7091, 0.7163, 0.7187, 0.7179, 0.706, 0.7081, 0.7152], [0.7074, 0.7117, 0.7243, 0.7077, 0.7151, 0.7132, 0.7042, 0.7229, 0.7144, 0.7147, 0.7175, 0.7086, 0.7092, 0.7187, 0.7104, 0.7158, 0.7047, 0.7182, 0.7194], [0.6718, 0.6775, 0.6645, 0.659, 0.6727, 0.6746, 0.6822, 0.681, 0.6842, 0.6764, 0.6766, 0.6734, 0.6779, 0.6774, 0.6837, 0.6738, 0.6722, 0.6696, 0.687], [0.7205, 0.7163, 0.7114, 0.7253, 0.711, 0.7182, 0.7245, 0.7165, 0.7211, 0.7163, 0.7236, 0.7209, 0.7061, 0.7191, 0.7261, 0.7194, 0.7298, 0.7255, 0.7186]]	
Results: 	20 Support Sets: (Mean:0.705865, SD:0.0048814660222432985) | 	20 Support Sets: (Mean:0.70752, SD:0.008152855489433066) | 	20 Support Sets: (Mean:0.71001, SD:0.004577392960604262) | 	20 Support Sets: (Mean:0.713385, SD:0.005713352320384423) | 	20 Support Sets: (Mean:0.675965, SD:0.006878132779055366) | 	20 Support Sets: (Mean:0.71959, SD:0.005714423118648758) | 	
