Results: 	[[0.6115], [0.7239], [0.624], [0.6069], [0.5929], [0.661]]	
Results: 	[[0.6115, 0.6093], [0.7239, 0.7106], [0.624, 0.6263], [0.6069, 0.6086], [0.5929, 0.5988], [0.661, 0.6602]]	
Results: 	[[0.6115, 0.6093, 0.6104], [0.7239, 0.7106, 0.7021], [0.624, 0.6263, 0.6245], [0.6069, 0.6086, 0.6057], [0.5929, 0.5988, 0.5941], [0.661, 0.6602, 0.6601]]	
Results: 	[[0.6115, 0.6093, 0.6104, 0.6104], [0.7239, 0.7106, 0.7021, 0.7106], [0.624, 0.6263, 0.6245, 0.623], [0.6069, 0.6086, 0.6057, 0.6061], [0.5929, 0.5988, 0.5941, 0.5854], [0.661, 0.6602, 0.6601, 0.6605]]	
Results: 	[[0.6115, 0.6093, 0.6104, 0.6104, 0.6104], [0.7239, 0.7106, 0.7021, 0.7106, 0.6993], [0.624, 0.6263, 0.6245, 0.623, 0.6258], [0.6069, 0.6086, 0.6057, 0.6061, 0.6069], [0.5929, 0.5988, 0.5941, 0.5854, 0.585], [0.661, 0.6602, 0.6601, 0.6605, 0.6585]]	
Results: 	[[0.6115, 0.6093, 0.6104, 0.6104, 0.6104, 0.6109], [0.7239, 0.7106, 0.7021, 0.7106, 0.6993, 0.707], [0.624, 0.6263, 0.6245, 0.623, 0.6258, 0.6211], [0.6069, 0.6086, 0.6057, 0.6061, 0.6069, 0.6064], [0.5929, 0.5988, 0.5941, 0.5854, 0.585, 0.5894], [0.661, 0.6602, 0.6601, 0.6605, 0.6585, 0.6616]]	
Results: 	[[0.6115, 0.6093, 0.6104, 0.6104, 0.6104, 0.6109, 0.6099], [0.7239, 0.7106, 0.7021, 0.7106, 0.6993, 0.707, 0.7118], [0.624, 0.6263, 0.6245, 0.623, 0.6258, 0.6211, 0.6233], [0.6069, 0.6086, 0.6057, 0.6061, 0.6069, 0.6064, 0.6062], [0.5929, 0.5988, 0.5941, 0.5854, 0.585, 0.5894, 0.5897], [0.661, 0.6602, 0.6601, 0.6605, 0.6585, 0.6616, 0.6636]]	
Results: 	[[0.6115, 0.6093, 0.6104, 0.6104, 0.6104, 0.6109, 0.6099, 0.6083], [0.7239, 0.7106, 0.7021, 0.7106, 0.6993, 0.707, 0.7118, 0.7114], [0.624, 0.6263, 0.6245, 0.623, 0.6258, 0.6211, 0.6233, 0.623], [0.6069, 0.6086, 0.6057, 0.6061, 0.6069, 0.6064, 0.6062, 0.6083], [0.5929, 0.5988, 0.5941, 0.5854, 0.585, 0.5894, 0.5897, 0.5901], [0.661, 0.6602, 0.6601, 0.6605, 0.6585, 0.6616, 0.6636, 0.661]]	
Results: 	[[0.6115, 0.6093, 0.6104, 0.6104, 0.6104, 0.6109, 0.6099, 0.6083, 0.6109], [0.7239, 0.7106, 0.7021, 0.7106, 0.6993, 0.707, 0.7118, 0.7114, 0.7073], [0.624, 0.6263, 0.6245, 0.623, 0.6258, 0.6211, 0.6233, 0.623, 0.6241], [0.6069, 0.6086, 0.6057, 0.6061, 0.6069, 0.6064, 0.6062, 0.6083, 0.607], [0.5929, 0.5988, 0.5941, 0.5854, 0.585, 0.5894, 0.5897, 0.5901, 0.5854], [0.661, 0.6602, 0.6601, 0.6605, 0.6585, 0.6616, 0.6636, 0.661, 0.6605]]	
Results: 	[[0.6115, 0.6093, 0.6104, 0.6104, 0.6104, 0.6109, 0.6099, 0.6083, 0.6109, 0.6125], [0.7239, 0.7106, 0.7021, 0.7106, 0.6993, 0.707, 0.7118, 0.7114, 0.7073, 0.711], [0.624, 0.6263, 0.6245, 0.623, 0.6258, 0.6211, 0.6233, 0.623, 0.6241, 0.6263], [0.6069, 0.6086, 0.6057, 0.6061, 0.6069, 0.6064, 0.6062, 0.6083, 0.607, 0.6069], [0.5929, 0.5988, 0.5941, 0.5854, 0.585, 0.5894, 0.5897, 0.5901, 0.5854, 0.5941], [0.661, 0.6602, 0.6601, 0.6605, 0.6585, 0.6616, 0.6636, 0.661, 0.6605, 0.6596]]	
Results: 	[[0.6115, 0.6093, 0.6104, 0.6104, 0.6104, 0.6109, 0.6099, 0.6083, 0.6109, 0.6125, 0.6072], [0.7239, 0.7106, 0.7021, 0.7106, 0.6993, 0.707, 0.7118, 0.7114, 0.7073, 0.711, 0.7162], [0.624, 0.6263, 0.6245, 0.623, 0.6258, 0.6211, 0.6233, 0.623, 0.6241, 0.6263, 0.6253], [0.6069, 0.6086, 0.6057, 0.6061, 0.6069, 0.6064, 0.6062, 0.6083, 0.607, 0.6069, 0.6055], [0.5929, 0.5988, 0.5941, 0.5854, 0.585, 0.5894, 0.5897, 0.5901, 0.5854, 0.5941, 0.5901], [0.661, 0.6602, 0.6601, 0.6605, 0.6585, 0.6616, 0.6636, 0.661, 0.6605, 0.6596, 0.6575]]	
Results: 	[[0.6115, 0.6093, 0.6104, 0.6104, 0.6104, 0.6109, 0.6099, 0.6083, 0.6109, 0.6125, 0.6072, 0.6099], [0.7239, 0.7106, 0.7021, 0.7106, 0.6993, 0.707, 0.7118, 0.7114, 0.7073, 0.711, 0.7162, 0.7066], [0.624, 0.6263, 0.6245, 0.623, 0.6258, 0.6211, 0.6233, 0.623, 0.6241, 0.6263, 0.6253, 0.6206], [0.6069, 0.6086, 0.6057, 0.6061, 0.6069, 0.6064, 0.6062, 0.6083, 0.607, 0.6069, 0.6055, 0.6049], [0.5929, 0.5988, 0.5941, 0.5854, 0.585, 0.5894, 0.5897, 0.5901, 0.5854, 0.5941, 0.5901, 0.5854], [0.661, 0.6602, 0.6601, 0.6605, 0.6585, 0.6616, 0.6636, 0.661, 0.6605, 0.6596, 0.6575, 0.6586]]	
Results: 	[[0.6115, 0.6093, 0.6104, 0.6104, 0.6104, 0.6109, 0.6099, 0.6083, 0.6109, 0.6125, 0.6072, 0.6099, 0.6077], [0.7239, 0.7106, 0.7021, 0.7106, 0.6993, 0.707, 0.7118, 0.7114, 0.7073, 0.711, 0.7162, 0.7066, 0.7033], [0.624, 0.6263, 0.6245, 0.623, 0.6258, 0.6211, 0.6233, 0.623, 0.6241, 0.6263, 0.6253, 0.6206, 0.6251], [0.6069, 0.6086, 0.6057, 0.6061, 0.6069, 0.6064, 0.6062, 0.6083, 0.607, 0.6069, 0.6055, 0.6049, 0.6035], [0.5929, 0.5988, 0.5941, 0.5854, 0.585, 0.5894, 0.5897, 0.5901, 0.5854, 0.5941, 0.5901, 0.5854, 0.5937], [0.661, 0.6602, 0.6601, 0.6605, 0.6585, 0.6616, 0.6636, 0.661, 0.6605, 0.6596, 0.6575, 0.6586, 0.6595]]	
Results: 	[[0.6115, 0.6093, 0.6104, 0.6104, 0.6104, 0.6109, 0.6099, 0.6083, 0.6109, 0.6125, 0.6072, 0.6099, 0.6077, 0.6088], [0.7239, 0.7106, 0.7021, 0.7106, 0.6993, 0.707, 0.7118, 0.7114, 0.7073, 0.711, 0.7162, 0.7066, 0.7033, 0.7025], [0.624, 0.6263, 0.6245, 0.623, 0.6258, 0.6211, 0.6233, 0.623, 0.6241, 0.6263, 0.6253, 0.6206, 0.6251, 0.6281], [0.6069, 0.6086, 0.6057, 0.6061, 0.6069, 0.6064, 0.6062, 0.6083, 0.607, 0.6069, 0.6055, 0.6049, 0.6035, 0.6057], [0.5929, 0.5988, 0.5941, 0.5854, 0.585, 0.5894, 0.5897, 0.5901, 0.5854, 0.5941, 0.5901, 0.5854, 0.5937, 0.5846], [0.661, 0.6602, 0.6601, 0.6605, 0.6585, 0.6616, 0.6636, 0.661, 0.6605, 0.6596, 0.6575, 0.6586, 0.6595, 0.6551]]	
Results: 	[[0.6115, 0.6093, 0.6104, 0.6104, 0.6104, 0.6109, 0.6099, 0.6083, 0.6109, 0.6125, 0.6072, 0.6099, 0.6077, 0.6088, 0.6147], [0.7239, 0.7106, 0.7021, 0.7106, 0.6993, 0.707, 0.7118, 0.7114, 0.7073, 0.711, 0.7162, 0.7066, 0.7033, 0.7025, 0.7166], [0.624, 0.6263, 0.6245, 0.623, 0.6258, 0.6211, 0.6233, 0.623, 0.6241, 0.6263, 0.6253, 0.6206, 0.6251, 0.6281, 0.6246], [0.6069, 0.6086, 0.6057, 0.6061, 0.6069, 0.6064, 0.6062, 0.6083, 0.607, 0.6069, 0.6055, 0.6049, 0.6035, 0.6057, 0.6028], [0.5929, 0.5988, 0.5941, 0.5854, 0.585, 0.5894, 0.5897, 0.5901, 0.5854, 0.5941, 0.5901, 0.5854, 0.5937, 0.5846, 0.5977], [0.661, 0.6602, 0.6601, 0.6605, 0.6585, 0.6616, 0.6636, 0.661, 0.6605, 0.6596, 0.6575, 0.6586, 0.6595, 0.6551, 0.6581]]	
Results: 	[[0.6115, 0.6093, 0.6104, 0.6104, 0.6104, 0.6109, 0.6099, 0.6083, 0.6109, 0.6125, 0.6072, 0.6099, 0.6077, 0.6088, 0.6147, 0.6104], [0.7239, 0.7106, 0.7021, 0.7106, 0.6993, 0.707, 0.7118, 0.7114, 0.7073, 0.711, 0.7162, 0.7066, 0.7033, 0.7025, 0.7166, 0.7018], [0.624, 0.6263, 0.6245, 0.623, 0.6258, 0.6211, 0.6233, 0.623, 0.6241, 0.6263, 0.6253, 0.6206, 0.6251, 0.6281, 0.6246, 0.6265], [0.6069, 0.6086, 0.6057, 0.6061, 0.6069, 0.6064, 0.6062, 0.6083, 0.607, 0.6069, 0.6055, 0.6049, 0.6035, 0.6057, 0.6028, 0.6078], [0.5929, 0.5988, 0.5941, 0.5854, 0.585, 0.5894, 0.5897, 0.5901, 0.5854, 0.5941, 0.5901, 0.5854, 0.5937, 0.5846, 0.5977, 0.5842], [0.661, 0.6602, 0.6601, 0.6605, 0.6585, 0.6616, 0.6636, 0.661, 0.6605, 0.6596, 0.6575, 0.6586, 0.6595, 0.6551, 0.6581, 0.6607]]	
Results: 	[[0.6115, 0.6093, 0.6104, 0.6104, 0.6104, 0.6109, 0.6099, 0.6083, 0.6109, 0.6125, 0.6072, 0.6099, 0.6077, 0.6088, 0.6147, 0.6104, 0.6083], [0.7239, 0.7106, 0.7021, 0.7106, 0.6993, 0.707, 0.7118, 0.7114, 0.7073, 0.711, 0.7162, 0.7066, 0.7033, 0.7025, 0.7166, 0.7018, 0.7021], [0.624, 0.6263, 0.6245, 0.623, 0.6258, 0.6211, 0.6233, 0.623, 0.6241, 0.6263, 0.6253, 0.6206, 0.6251, 0.6281, 0.6246, 0.6265, 0.6223], [0.6069, 0.6086, 0.6057, 0.6061, 0.6069, 0.6064, 0.6062, 0.6083, 0.607, 0.6069, 0.6055, 0.6049, 0.6035, 0.6057, 0.6028, 0.6078, 0.6064], [0.5929, 0.5988, 0.5941, 0.5854, 0.585, 0.5894, 0.5897, 0.5901, 0.5854, 0.5941, 0.5901, 0.5854, 0.5937, 0.5846, 0.5977, 0.5842, 0.5897], [0.661, 0.6602, 0.6601, 0.6605, 0.6585, 0.6616, 0.6636, 0.661, 0.6605, 0.6596, 0.6575, 0.6586, 0.6595, 0.6551, 0.6581, 0.6607, 0.661]]	
Results: 	[[0.6115, 0.6093, 0.6104, 0.6104, 0.6104, 0.6109, 0.6099, 0.6083, 0.6109, 0.6125, 0.6072, 0.6099, 0.6077, 0.6088, 0.6147, 0.6104, 0.6083, 0.6083], [0.7239, 0.7106, 0.7021, 0.7106, 0.6993, 0.707, 0.7118, 0.7114, 0.7073, 0.711, 0.7162, 0.7066, 0.7033, 0.7025, 0.7166, 0.7018, 0.7021, 0.7122], [0.624, 0.6263, 0.6245, 0.623, 0.6258, 0.6211, 0.6233, 0.623, 0.6241, 0.6263, 0.6253, 0.6206, 0.6251, 0.6281, 0.6246, 0.6265, 0.6223, 0.6217], [0.6069, 0.6086, 0.6057, 0.6061, 0.6069, 0.6064, 0.6062, 0.6083, 0.607, 0.6069, 0.6055, 0.6049, 0.6035, 0.6057, 0.6028, 0.6078, 0.6064, 0.6062], [0.5929, 0.5988, 0.5941, 0.5854, 0.585, 0.5894, 0.5897, 0.5901, 0.5854, 0.5941, 0.5901, 0.5854, 0.5937, 0.5846, 0.5977, 0.5842, 0.5897, 0.5854], [0.661, 0.6602, 0.6601, 0.6605, 0.6585, 0.6616, 0.6636, 0.661, 0.6605, 0.6596, 0.6575, 0.6586, 0.6595, 0.6551, 0.6581, 0.6607, 0.661, 0.6601]]	
Results: 	[[0.6115, 0.6093, 0.6104, 0.6104, 0.6104, 0.6109, 0.6099, 0.6083, 0.6109, 0.6125, 0.6072, 0.6099, 0.6077, 0.6088, 0.6147, 0.6104, 0.6083, 0.6083, 0.6125], [0.7239, 0.7106, 0.7021, 0.7106, 0.6993, 0.707, 0.7118, 0.7114, 0.7073, 0.711, 0.7162, 0.7066, 0.7033, 0.7025, 0.7166, 0.7018, 0.7021, 0.7122, 0.721], [0.624, 0.6263, 0.6245, 0.623, 0.6258, 0.6211, 0.6233, 0.623, 0.6241, 0.6263, 0.6253, 0.6206, 0.6251, 0.6281, 0.6246, 0.6265, 0.6223, 0.6217, 0.6245], [0.6069, 0.6086, 0.6057, 0.6061, 0.6069, 0.6064, 0.6062, 0.6083, 0.607, 0.6069, 0.6055, 0.6049, 0.6035, 0.6057, 0.6028, 0.6078, 0.6064, 0.6062, 0.607], [0.5929, 0.5988, 0.5941, 0.5854, 0.585, 0.5894, 0.5897, 0.5901, 0.5854, 0.5941, 0.5901, 0.5854, 0.5937, 0.5846, 0.5977, 0.5842, 0.5897, 0.5854, 0.5941], [0.661, 0.6602, 0.6601, 0.6605, 0.6585, 0.6616, 0.6636, 0.661, 0.6605, 0.6596, 0.6575, 0.6586, 0.6595, 0.6551, 0.6581, 0.6607, 0.661, 0.6601, 0.6595]]	
Results: 	20 Support Sets: (Mean:0.610135, SD:0.0018158005339098933) | 	20 Support Sets: (Mean:0.70877, SD:0.007089139209864764) | 	20 Support Sets: (Mean:0.624145, SD:0.0019508365277220692) | 	20 Support Sets: (Mean:0.606245, SD:0.001396791436038128) | 	20 Support Sets: (Mean:0.58994, SD:0.004490856207193021) | 	20 Support Sets: (Mean:0.65981, SD:0.0017447364451853146) | 	
