Results: 	[[0.6174], [0.7208], [0.6464], [0.611], [0.6072], [0.6745]]	
Results: 	[[0.6174, 0.6364], [0.7208, 0.7416], [0.6464, 0.6533], [0.611, 0.6141], [0.6072, 0.589], [0.6745, 0.6813]]	
Results: 	[[0.6174, 0.6364, 0.6193], [0.7208, 0.7416, 0.722], [0.6464, 0.6533, 0.6412], [0.611, 0.6141, 0.6125], [0.6072, 0.589, 0.5887], [0.6745, 0.6813, 0.667]]	
Results: 	[[0.6174, 0.6364, 0.6193, 0.633], [0.7208, 0.7416, 0.722, 0.7393], [0.6464, 0.6533, 0.6412, 0.6469], [0.611, 0.6141, 0.6125, 0.6157], [0.6072, 0.589, 0.5887, 0.5698], [0.6745, 0.6813, 0.667, 0.6757]]	
Results: 	[[0.6174, 0.6364, 0.6193, 0.633, 0.6234], [0.7208, 0.7416, 0.722, 0.7393, 0.7535], [0.6464, 0.6533, 0.6412, 0.6469, 0.6526], [0.611, 0.6141, 0.6125, 0.6157, 0.6117], [0.6072, 0.589, 0.5887, 0.5698, 0.6086], [0.6745, 0.6813, 0.667, 0.6757, 0.6738]]	
Results: 	[[0.6174, 0.6364, 0.6193, 0.633, 0.6234, 0.6349], [0.7208, 0.7416, 0.722, 0.7393, 0.7535, 0.7532], [0.6464, 0.6533, 0.6412, 0.6469, 0.6526, 0.6521], [0.611, 0.6141, 0.6125, 0.6157, 0.6117, 0.6233], [0.6072, 0.589, 0.5887, 0.5698, 0.6086, 0.5929], [0.6745, 0.6813, 0.667, 0.6757, 0.6738, 0.6648]]	
Results: 	[[0.6174, 0.6364, 0.6193, 0.633, 0.6234, 0.6349, 0.6231], [0.7208, 0.7416, 0.722, 0.7393, 0.7535, 0.7532, 0.7431], [0.6464, 0.6533, 0.6412, 0.6469, 0.6526, 0.6521, 0.6475], [0.611, 0.6141, 0.6125, 0.6157, 0.6117, 0.6233, 0.6161], [0.6072, 0.589, 0.5887, 0.5698, 0.6086, 0.5929, 0.5653], [0.6745, 0.6813, 0.667, 0.6757, 0.6738, 0.6648, 0.6825]]	
Results: 	[[0.6174, 0.6364, 0.6193, 0.633, 0.6234, 0.6349, 0.6231, 0.6287], [0.7208, 0.7416, 0.722, 0.7393, 0.7535, 0.7532, 0.7431, 0.7474], [0.6464, 0.6533, 0.6412, 0.6469, 0.6526, 0.6521, 0.6475, 0.6409], [0.611, 0.6141, 0.6125, 0.6157, 0.6117, 0.6233, 0.6161, 0.621], [0.6072, 0.589, 0.5887, 0.5698, 0.6086, 0.5929, 0.5653, 0.5945], [0.6745, 0.6813, 0.667, 0.6757, 0.6738, 0.6648, 0.6825, 0.6728]]	
Results: 	[[0.6174, 0.6364, 0.6193, 0.633, 0.6234, 0.6349, 0.6231, 0.6287, 0.624], [0.7208, 0.7416, 0.722, 0.7393, 0.7535, 0.7532, 0.7431, 0.7474, 0.7482], [0.6464, 0.6533, 0.6412, 0.6469, 0.6526, 0.6521, 0.6475, 0.6409, 0.6474], [0.611, 0.6141, 0.6125, 0.6157, 0.6117, 0.6233, 0.6161, 0.621, 0.6121], [0.6072, 0.589, 0.5887, 0.5698, 0.6086, 0.5929, 0.5653, 0.5945, 0.6085], [0.6745, 0.6813, 0.667, 0.6757, 0.6738, 0.6648, 0.6825, 0.6728, 0.6667]]	
Results: 	[[0.6174, 0.6364, 0.6193, 0.633, 0.6234, 0.6349, 0.6231, 0.6287, 0.624, 0.6248], [0.7208, 0.7416, 0.722, 0.7393, 0.7535, 0.7532, 0.7431, 0.7474, 0.7482, 0.7401], [0.6464, 0.6533, 0.6412, 0.6469, 0.6526, 0.6521, 0.6475, 0.6409, 0.6474, 0.6381], [0.611, 0.6141, 0.6125, 0.6157, 0.6117, 0.6233, 0.6161, 0.621, 0.6121, 0.6235], [0.6072, 0.589, 0.5887, 0.5698, 0.6086, 0.5929, 0.5653, 0.5945, 0.6085, 0.5776], [0.6745, 0.6813, 0.667, 0.6757, 0.6738, 0.6648, 0.6825, 0.6728, 0.6667, 0.6644]]	
Results: 	[[0.6174, 0.6364, 0.6193, 0.633, 0.6234, 0.6349, 0.6231, 0.6287, 0.624, 0.6248, 0.6246], [0.7208, 0.7416, 0.722, 0.7393, 0.7535, 0.7532, 0.7431, 0.7474, 0.7482, 0.7401, 0.7539], [0.6464, 0.6533, 0.6412, 0.6469, 0.6526, 0.6521, 0.6475, 0.6409, 0.6474, 0.6381, 0.6337], [0.611, 0.6141, 0.6125, 0.6157, 0.6117, 0.6233, 0.6161, 0.621, 0.6121, 0.6235, 0.6098], [0.6072, 0.589, 0.5887, 0.5698, 0.6086, 0.5929, 0.5653, 0.5945, 0.6085, 0.5776, 0.5839], [0.6745, 0.6813, 0.667, 0.6757, 0.6738, 0.6648, 0.6825, 0.6728, 0.6667, 0.6644, 0.665]]	
Results: 	[[0.6174, 0.6364, 0.6193, 0.633, 0.6234, 0.6349, 0.6231, 0.6287, 0.624, 0.6248, 0.6246, 0.641], [0.7208, 0.7416, 0.722, 0.7393, 0.7535, 0.7532, 0.7431, 0.7474, 0.7482, 0.7401, 0.7539, 0.7381], [0.6464, 0.6533, 0.6412, 0.6469, 0.6526, 0.6521, 0.6475, 0.6409, 0.6474, 0.6381, 0.6337, 0.6579], [0.611, 0.6141, 0.6125, 0.6157, 0.6117, 0.6233, 0.6161, 0.621, 0.6121, 0.6235, 0.6098, 0.633], [0.6072, 0.589, 0.5887, 0.5698, 0.6086, 0.5929, 0.5653, 0.5945, 0.6085, 0.5776, 0.5839, 0.5942], [0.6745, 0.6813, 0.667, 0.6757, 0.6738, 0.6648, 0.6825, 0.6728, 0.6667, 0.6644, 0.665, 0.6779]]	
Results: 	[[0.6174, 0.6364, 0.6193, 0.633, 0.6234, 0.6349, 0.6231, 0.6287, 0.624, 0.6248, 0.6246, 0.641, 0.6207], [0.7208, 0.7416, 0.722, 0.7393, 0.7535, 0.7532, 0.7431, 0.7474, 0.7482, 0.7401, 0.7539, 0.7381, 0.7551], [0.6464, 0.6533, 0.6412, 0.6469, 0.6526, 0.6521, 0.6475, 0.6409, 0.6474, 0.6381, 0.6337, 0.6579, 0.6315], [0.611, 0.6141, 0.6125, 0.6157, 0.6117, 0.6233, 0.6161, 0.621, 0.6121, 0.6235, 0.6098, 0.633, 0.6209], [0.6072, 0.589, 0.5887, 0.5698, 0.6086, 0.5929, 0.5653, 0.5945, 0.6085, 0.5776, 0.5839, 0.5942, 0.5932], [0.6745, 0.6813, 0.667, 0.6757, 0.6738, 0.6648, 0.6825, 0.6728, 0.6667, 0.6644, 0.665, 0.6779, 0.6631]]	
Results: 	[[0.6174, 0.6364, 0.6193, 0.633, 0.6234, 0.6349, 0.6231, 0.6287, 0.624, 0.6248, 0.6246, 0.641, 0.6207, 0.6254], [0.7208, 0.7416, 0.722, 0.7393, 0.7535, 0.7532, 0.7431, 0.7474, 0.7482, 0.7401, 0.7539, 0.7381, 0.7551, 0.7378], [0.6464, 0.6533, 0.6412, 0.6469, 0.6526, 0.6521, 0.6475, 0.6409, 0.6474, 0.6381, 0.6337, 0.6579, 0.6315, 0.6499], [0.611, 0.6141, 0.6125, 0.6157, 0.6117, 0.6233, 0.6161, 0.621, 0.6121, 0.6235, 0.6098, 0.633, 0.6209, 0.619], [0.6072, 0.589, 0.5887, 0.5698, 0.6086, 0.5929, 0.5653, 0.5945, 0.6085, 0.5776, 0.5839, 0.5942, 0.5932, 0.5782], [0.6745, 0.6813, 0.667, 0.6757, 0.6738, 0.6648, 0.6825, 0.6728, 0.6667, 0.6644, 0.665, 0.6779, 0.6631, 0.672]]	
Results: 	[[0.6174, 0.6364, 0.6193, 0.633, 0.6234, 0.6349, 0.6231, 0.6287, 0.624, 0.6248, 0.6246, 0.641, 0.6207, 0.6254, 0.6158], [0.7208, 0.7416, 0.722, 0.7393, 0.7535, 0.7532, 0.7431, 0.7474, 0.7482, 0.7401, 0.7539, 0.7381, 0.7551, 0.7378, 0.752], [0.6464, 0.6533, 0.6412, 0.6469, 0.6526, 0.6521, 0.6475, 0.6409, 0.6474, 0.6381, 0.6337, 0.6579, 0.6315, 0.6499, 0.6291], [0.611, 0.6141, 0.6125, 0.6157, 0.6117, 0.6233, 0.6161, 0.621, 0.6121, 0.6235, 0.6098, 0.633, 0.6209, 0.619, 0.6134], [0.6072, 0.589, 0.5887, 0.5698, 0.6086, 0.5929, 0.5653, 0.5945, 0.6085, 0.5776, 0.5839, 0.5942, 0.5932, 0.5782, 0.592], [0.6745, 0.6813, 0.667, 0.6757, 0.6738, 0.6648, 0.6825, 0.6728, 0.6667, 0.6644, 0.665, 0.6779, 0.6631, 0.672, 0.6741]]	
Results: 	[[0.6174, 0.6364, 0.6193, 0.633, 0.6234, 0.6349, 0.6231, 0.6287, 0.624, 0.6248, 0.6246, 0.641, 0.6207, 0.6254, 0.6158, 0.6228], [0.7208, 0.7416, 0.722, 0.7393, 0.7535, 0.7532, 0.7431, 0.7474, 0.7482, 0.7401, 0.7539, 0.7381, 0.7551, 0.7378, 0.752, 0.7412], [0.6464, 0.6533, 0.6412, 0.6469, 0.6526, 0.6521, 0.6475, 0.6409, 0.6474, 0.6381, 0.6337, 0.6579, 0.6315, 0.6499, 0.6291, 0.6511], [0.611, 0.6141, 0.6125, 0.6157, 0.6117, 0.6233, 0.6161, 0.621, 0.6121, 0.6235, 0.6098, 0.633, 0.6209, 0.619, 0.6134, 0.6224], [0.6072, 0.589, 0.5887, 0.5698, 0.6086, 0.5929, 0.5653, 0.5945, 0.6085, 0.5776, 0.5839, 0.5942, 0.5932, 0.5782, 0.592, 0.6121], [0.6745, 0.6813, 0.667, 0.6757, 0.6738, 0.6648, 0.6825, 0.6728, 0.6667, 0.6644, 0.665, 0.6779, 0.6631, 0.672, 0.6741, 0.6676]]	
Results: 	[[0.6174, 0.6364, 0.6193, 0.633, 0.6234, 0.6349, 0.6231, 0.6287, 0.624, 0.6248, 0.6246, 0.641, 0.6207, 0.6254, 0.6158, 0.6228, 0.6253], [0.7208, 0.7416, 0.722, 0.7393, 0.7535, 0.7532, 0.7431, 0.7474, 0.7482, 0.7401, 0.7539, 0.7381, 0.7551, 0.7378, 0.752, 0.7412, 0.7439], [0.6464, 0.6533, 0.6412, 0.6469, 0.6526, 0.6521, 0.6475, 0.6409, 0.6474, 0.6381, 0.6337, 0.6579, 0.6315, 0.6499, 0.6291, 0.6511, 0.6431], [0.611, 0.6141, 0.6125, 0.6157, 0.6117, 0.6233, 0.6161, 0.621, 0.6121, 0.6235, 0.6098, 0.633, 0.6209, 0.619, 0.6134, 0.6224, 0.636], [0.6072, 0.589, 0.5887, 0.5698, 0.6086, 0.5929, 0.5653, 0.5945, 0.6085, 0.5776, 0.5839, 0.5942, 0.5932, 0.5782, 0.592, 0.6121, 0.5799], [0.6745, 0.6813, 0.667, 0.6757, 0.6738, 0.6648, 0.6825, 0.6728, 0.6667, 0.6644, 0.665, 0.6779, 0.6631, 0.672, 0.6741, 0.6676, 0.6725]]	
Results: 	[[0.6174, 0.6364, 0.6193, 0.633, 0.6234, 0.6349, 0.6231, 0.6287, 0.624, 0.6248, 0.6246, 0.641, 0.6207, 0.6254, 0.6158, 0.6228, 0.6253, 0.6264], [0.7208, 0.7416, 0.722, 0.7393, 0.7535, 0.7532, 0.7431, 0.7474, 0.7482, 0.7401, 0.7539, 0.7381, 0.7551, 0.7378, 0.752, 0.7412, 0.7439, 0.7462], [0.6464, 0.6533, 0.6412, 0.6469, 0.6526, 0.6521, 0.6475, 0.6409, 0.6474, 0.6381, 0.6337, 0.6579, 0.6315, 0.6499, 0.6291, 0.6511, 0.6431, 0.6463], [0.611, 0.6141, 0.6125, 0.6157, 0.6117, 0.6233, 0.6161, 0.621, 0.6121, 0.6235, 0.6098, 0.633, 0.6209, 0.619, 0.6134, 0.6224, 0.636, 0.6057], [0.6072, 0.589, 0.5887, 0.5698, 0.6086, 0.5929, 0.5653, 0.5945, 0.6085, 0.5776, 0.5839, 0.5942, 0.5932, 0.5782, 0.592, 0.6121, 0.5799, 0.5968], [0.6745, 0.6813, 0.667, 0.6757, 0.6738, 0.6648, 0.6825, 0.6728, 0.6667, 0.6644, 0.665, 0.6779, 0.6631, 0.672, 0.6741, 0.6676, 0.6725, 0.6705]]	
Results: 	[[0.6174, 0.6364, 0.6193, 0.633, 0.6234, 0.6349, 0.6231, 0.6287, 0.624, 0.6248, 0.6246, 0.641, 0.6207, 0.6254, 0.6158, 0.6228, 0.6253, 0.6264, 0.632], [0.7208, 0.7416, 0.722, 0.7393, 0.7535, 0.7532, 0.7431, 0.7474, 0.7482, 0.7401, 0.7539, 0.7381, 0.7551, 0.7378, 0.752, 0.7412, 0.7439, 0.7462, 0.7447], [0.6464, 0.6533, 0.6412, 0.6469, 0.6526, 0.6521, 0.6475, 0.6409, 0.6474, 0.6381, 0.6337, 0.6579, 0.6315, 0.6499, 0.6291, 0.6511, 0.6431, 0.6463, 0.646], [0.611, 0.6141, 0.6125, 0.6157, 0.6117, 0.6233, 0.6161, 0.621, 0.6121, 0.6235, 0.6098, 0.633, 0.6209, 0.619, 0.6134, 0.6224, 0.636, 0.6057, 0.6163], [0.6072, 0.589, 0.5887, 0.5698, 0.6086, 0.5929, 0.5653, 0.5945, 0.6085, 0.5776, 0.5839, 0.5942, 0.5932, 0.5782, 0.592, 0.6121, 0.5799, 0.5968, 0.5657], [0.6745, 0.6813, 0.667, 0.6757, 0.6738, 0.6648, 0.6825, 0.6728, 0.6667, 0.6644, 0.665, 0.6779, 0.6631, 0.672, 0.6741, 0.6676, 0.6725, 0.6705, 0.648]]	
Results: 	20 Support Sets: (Max:0.641, Mean:0.626235, SD:0.006441826726864627) | 	20 Support Sets: (Max:0.7551, Mean:0.741605, SD:0.011883490316622605) | 	20 Support Sets: (Max:0.6579, Mean:0.645, SD:0.00750501586659847) | 	20 Support Sets: (Max:0.636, Mean:0.61811, SD:0.007644048252347087) | 	20 Support Sets: (Max:0.6121, Mean:0.5900299999999999, SD:0.014103008264383285) | 	20 Support Sets: (Max:0.6825, Mean:0.670105, SD:0.00758644740379357) | 	
